0 1
0 2
0 3
0 4
0 5
0 6
0 7
0 8
0 9
0 10
0 11
0 12
0 13
0 14
0 15
0 16
0 17
0 18
0 19
0 20
0 21
0 22
0 23
0 24
0 25
0 26
0 27
0 28
0 29
0 30
0 31
0 32
0 33
0 34
0 35
0 36
0 37
0 38
0 39
0 40
0 41
0 42
0 43
0 44
0 45
0 46
0 47
0 48
0 49
0 50
0 51
0 52
0 53
0 54
0 55
0 56
0 57
0 58
1 0
1 2
1 3
1 4
1 5
1 6
1 7
1 8
1 9
1 10
1 11
1 12
1 13
1 14
1 15
1 16
1 17
1 18
1 19
1 20
1 21
1 22
1 23
1 24
1 25
1 26
1 27
1 28
1 29
1 30
1 31
1 32
1 33
1 34
1 35
1 36
1 37
1 38
1 39
1 40
1 41
1 42
1 43
1 44
1 45
1 46
1 47
1 48
1 49
1 50
1 51
1 52
1 53
1 54
1 55
1 56
1 57
1 58
2 0
2 2
2 3
2 4
2 5
2 6
2 7
2 8
2 9
2 10
2 11
2 12
2 13
2 14
2 15
2 16
2 17
2 18
2 19
2 20
2 21
2 22
2 23
2 24
2 25
2 26
2 27
2 28
2 29
2 30
2 31
2 32
2 33
2 34
2 35
2 36
2 37
2 38
2 39
2 40
2 41
2 42
2 43
2 44
2 45
2 46
2 47
2 48
2 49
2 50
2 51
2 52
2 53
2 54
2 55
2 56
2 57
2 58
3 0
3 1
3 3
3 4
3 5
3 6
3 7
3 8
3 9
3 10
3 11
3 12
3 13
3 14
3 15
3 16
3 17
3 18
3 19
3 20
3 21
3 22
3 23
3 24
3 25
3 26
3 27
3 28
3 29
3 30
3 31
3 32
3 33
3 34
3 35
3 36
3 37
3 38
3 39
3 40
3 41
3 42
3 43
3 44
3 45
3 46
3 47
3 48
3 49
3 50
3 51
3 52
3 53
3 54
3 55
3 56
3 57
3 58
4 0
4 1
4 2
4 4
4 5
4 6
4 7
4 8
4 9
4 10
4 11
4 12
4 13
4 14
4 15
4 16
4 17
4 18
4 19
4 20
4 21
4 22
4 23
4 24
4 25
4 26
4 27
4 28
4 29
4 30
4 31
4 32
4 33
4 34
4 35
4 36
4 37
4 38
4 39
4 40
4 41
4 42
4 43
4 44
4 45
4 46
4 47
4 48
4 49
4 50
4 51
4 52
4 53
4 54
4 55
4 56
4 57
4 58
5 0
5 1
5 2
5 4
5 5
5 6
5 7
5 8
5 9
5 10
5 11
5 12
5 13
5 14
5 15
5 16
5 17
5 18
5 19
5 20
5 21
5 22
5 23
5 24
5 25
5 26
5 27
5 28
5 29
5 30
5 31
5 32
5 33
5 34
5 35
5 36
5 37
5 38
5 39
5 40
5 41
5 42
5 43
5 44
5 45
5 46
5 47
5 48
5 49
5 50
5 51
5 52
5 53
5 54
5 55
5 56
5 57
5 58
6 0
6 1
6 2
6 4
6 5
6 6
6 7
6 8
6 9
6 10
6 11
6 12
6 13
6 14
6 15
6 16
6 17
6 18
6 19
6 20
6 21
6 22
6 23
6 24
6 25
6 26
6 27
6 28
6 29
6 30
6 31
6 32
6 33
6 34
6 35
6 36
6 37
6 38
6 39
6 40
6 41
6 42
6 43
6 44
6 45
6 46
6 47
6 48
6 49
6 50
6 51
6 52
6 53
6 54
6 55
6 56
6 57
6 58
7 0
7 1
7 2
7 4
7 5
7 6
7 7
7 8
7 9
7 10
7 11
7 12
7 13
7 14
7 15
7 16
7 17
7 18
7 19
7 20
7 21
7 22
7 23
7 24
7 25
7 26
7 27
7 28
7 29
7 30
7 31
7 32
7 33
7 34
7 35
7 36
7 37
7 38
7 39
7 40
7 41
7 42
7 43
7 44
7 45
7 46
7 47
7 48
7 49
7 50
7 51
7 52
7 53
7 54
7 55
7 56
7 57
7 58
8 0
8 1
8 2
8 4
8 5
8 6
8 7
8 8
8 9
8 10
8 11
8 12
8 13
8 14
8 15
8 16
8 17
8 18
8 19
8 20
8 21
8 22
8 23
8 24
8 25
8 26
8 27
8 28
8 29
8 30
8 31
8 32
8 33
8 34
8 35
8 36
8 37
8 38
8 39
8 40
8 41
8 42
8 43
8 44
8 45
8 46
8 47
8 48
8 49
8 50
8 51
8 52
8 53
8 54
8 55
8 56
8 57
8 58
9 0
9 1
9 2
9 4
9 5
9 6
9 7
9 8
9 9
9 10
9 11
9 12
9 13
9 14
9 15
9 16
9 17
9 18
9 19
9 20
9 21
9 22
9 23
9 24
9 25
9 26
9 27
9 28
9 29
9 30
9 31
9 32
9 33
9 34
9 35
9 36
9 37
9 38
9 39
9 40
9 41
9 42
9 43
9 44
9 45
9 46
9 47
9 48
9 49
9 50
9 51
9 52
9 53
9 54
9 55
9 56
9 57
9 58
10 0
10 1
10 2
10 4
10 5
10 6
10 7
10 8
10 9
10 10
10 11
10 12
10 13
10 14
10 15
10 16
10 17
10 18
10 19
10 20
10 21
10 22
10 23
10 24
10 25
10 26
10 27
10 28
10 29
10 30
10 31
10 32
10 33
10 34
10 35
10 36
10 37
10 38
10 39
10 40
10 41
10 42
10 43
10 44
10 45
10 46
10 47
10 48
10 49
10 50
10 51
10 52
10 53
10 54
10 55
10 56
10 57
10 58
11 0
11 1
11 2
11 4
11 5
11 6
11 7
11 8
11 9
11 10
11 11
11 12
11 13
11 14
11 15
11 16
11 17
11 18
11 19
11 20
11 21
11 22
11 23
11 24
11 25
11 26
11 27
11 28
11 29
11 30
11 31
11 32
11 33
11 34
11 35
11 36
11 37
11 38
11 39
11 40
11 41
11 42
11 43
11 44
11 45
11 46
11 47
11 48
11 49
11 50
11 51
11 52
11 53
11 54
11 55
11 56
11 57
11 58
12 0
12 1
12 2
12 4
12 5
12 6
12 7
12 8
12 9
12 10
12 11
12 12
12 13
12 14
12 15
12 16
12 17
12 18
12 19
12 20
12 21
12 22
12 23
12 24
12 25
12 26
12 27
12 28
12 29
12 30
12 31
12 32
12 33
12 34
12 35
12 36
12 37
12 38
12 39
12 40
12 41
12 42
12 43
12 44
12 45
12 46
12 47
12 48
12 49
12 50
12 51
12 52
12 53
12 54
12 55
12 56
12 57
12 58
13 0
13 1
13 2
13 4
13 5
13 6
13 7
13 8
13 9
13 10
13 11
13 12
13 13
13 14
13 15
13 16
13 17
13 18
13 19
13 20
13 21
13 22
13 23
13 24
13 25
13 26
13 27
13 28
13 29
13 30
13 31
13 32
13 33
13 34
13 35
13 36
13 37
13 38
13 39
13 40
13 41
13 42
13 43
13 44
13 45
13 46
13 47
13 48
13 49
13 50
13 51
13 52
13 53
13 54
13 55
13 56
13 57
13 58
14 0
14 1
14 2
14 4
14 5
14 6
14 7
14 8
14 9
14 10
14 11
14 12
14 13
14 14
14 15
14 16
14 17
14 18
14 19
14 20
14 21
14 22
14 23
14 24
14 25
14 26
14 27
14 28
14 29
14 30
14 31
14 32
14 33
14 34
14 35
14 36
14 37
14 38
14 39
14 40
14 41
14 42
14 43
14 44
14 45
14 46
14 47
14 48
14 49
14 50
14 51
14 52
14 53
14 54
14 55
14 56
14 57
14 58
15 0
15 1
15 2
15 3
15 5
15 6
15 7
15 8
15 9
15 10
15 11
15 12
15 13
15 14
15 15
15 16
15 17
15 18
15 19
15 20
15 21
15 22
15 23
15 24
15 25
15 26
15 27
15 28
15 29
15 30
15 31
15 32
15 33
15 34
15 35
15 36
15 37
15 38
15 39
15 40
15 41
15 42
15 43
15 44
15 45
15 46
15 47
15 48
15 49
15 50
15 51
15 52
15 53
15 54
15 55
15 56
15 57
15 58
16 0
16 1
16 2
16 3
16 5
16 6
16 7
16 8
16 9
16 10
16 11
16 12
16 13
16 14
16 15
16 16
16 17
16 18
16 19
16 20
16 21
16 22
16 23
16 24
16 25
16 26
16 27
16 28
16 29
16 30
16 31
16 32
16 33
16 34
16 35
16 36
16 37
16 38
16 39
16 40
16 41
16 42
16 43
16 44
16 45
16 46
16 47
16 48
16 49
16 50
16 51
16 52
16 53
16 54
16 55
16 56
16 57
16 58
17 0
17 1
17 2
17 3
17 4
17 6
17 7
17 8
17 9
17 10
17 11
17 12
17 13
17 14
17 15
17 16
17 17
17 18
17 19
17 20
17 21
17 22
17 23
17 24
17 25
17 26
17 27
17 28
17 29
17 30
17 31
17 32
17 33
17 34
17 35
17 36
17 37
17 38
17 39
17 40
17 41
17 42
17 43
17 44
17 45
17 46
17 47
17 48
17 49
17 50
17 51
17 52
17 53
17 54
17 55
17 56
17 57
17 58
18 0
18 1
18 2
18 3
18 5
18 6
18 7
18 8
18 9
18 10
18 11
18 12
18 13
18 14
18 15
18 16
18 17
18 18
18 19
18 20
18 21
18 22
18 23
18 24
18 25
18 26
18 27
18 28
18 29
18 30
18 31
18 32
18 33
18 34
18 35
18 36
18 37
18 38
18 39
18 40
18 41
18 42
18 43
18 44
18 45
18 46
18 47
18 48
18 49
18 50
18 51
18 52
18 53
18 54
18 55
18 56
18 57
18 58
19 0
19 1
19 2
19 3
19 4
19 5
19 7
19 8
19 9
19 10
19 11
19 12
19 13
19 14
19 15
19 16
19 17
19 18
19 19
19 20
19 21
19 22
19 23
19 24
19 25
19 26
19 27
19 28
19 29
19 30
19 31
19 32
19 33
19 34
19 35
19 36
19 37
19 38
19 39
19 40
19 41
19 42
19 43
19 44
19 45
19 46
19 47
19 48
19 49
19 50
19 51
19 52
19 53
19 54
19 55
19 56
19 57
19 58
20 0
20 1
20 2
20 3
20 4
20 5
20 6
20 8
20 9
20 10
20 11
20 12
20 13
20 14
20 15
20 16
20 17
20 18
20 19
20 20
20 21
20 22
20 23
20 24
20 25
20 26
20 27
20 28
20 29
20 30
20 31
20 32
20 33
20 34
20 35
20 36
20 37
20 38
20 39
20 40
20 41
20 42
20 43
20 44
20 45
20 46
20 47
20 48
20 49
20 50
20 51
20 52
20 53
20 54
20 55
20 56
20 57
20 58
21 1
21 2
21 3
21 4
21 5
21 6
21 7
21 8
21 9
21 10
21 11
21 12
21 13
21 14
21 15
21 16
21 17
21 18
21 19
21 20
21 21
21 22
21 23
21 24
21 25
21 26
21 27
21 28
21 29
21 30
21 31
21 32
21 33
21 34
21 35
21 36
21 37
21 38
21 39
21 40
21 41
21 42
21 43
21 44
21 45
21 46
21 47
21 48
21 49
21 50
21 51
21 52
21 53
21 54
21 56
21 57
21 58
22 0
22 1
22 2
22 4
22 5
22 6
22 7
22 8
22 9
22 10
22 11
22 12
22 13
22 14
22 15
22 16
22 17
22 18
22 19
22 20
22 21
22 22
22 23
22 24
22 25
22 26
22 27
22 28
22 29
22 30
22 31
22 32
22 33
22 34
22 35
22 36
22 37
22 38
22 39
22 40
22 41
22 42
22 43
22 44
22 45
22 46
22 47
22 48
22 49
22 50
22 51
22 52
22 53
22 54
22 55
22 56
22 57
22 58
23 1
23 2
23 3
23 4
23 5
23 6
23 7
23 8
23 9
23 10
23 11
23 12
23 13
23 14
23 15
23 16
23 17
23 18
23 19
23 20
23 21
23 22
23 23
23 24
23 25
23 26
23 27
23 28
23 29
23 30
23 31
23 32
23 33
23 34
23 35
23 36
23 37
23 38
23 39
23 40
23 41
23 42
23 43
23 44
23 45
23 46
23 47
23 48
23 49
23 50
23 51
23 52
23 53
23 54
23 55
23 56
23 57
23 58
24 0
24 1
24 2
24 3
24 5
24 6
24 7
24 8
24 9
24 10
24 11
24 12
24 13
24 14
24 15
24 16
24 17
24 18
24 19
24 20
24 21
24 22
24 23
24 24
24 25
24 26
24 27
24 28
24 29
24 30
24 31
24 32
24 33
24 34
24 35
24 36
24 37
24 38
24 39
24 40
24 41
24 42
24 43
24 44
24 45
24 46
24 47
24 48
24 49
24 50
24 51
24 52
24 53
24 54
24 55
24 56
24 57
24 58
25 1
25 2
25 3
25 4
25 5
25 6
25 7
25 8
25 9
25 10
25 11
25 12
25 13
25 14
25 15
25 16
25 17
25 18
25 19
25 20
25 21
25 22
25 23
25 24
25 25
25 26
25 27
25 28
25 29
25 30
25 31
25 32
25 33
25 34
25 35
25 36
25 37
25 38
25 39
25 40
25 41
25 42
25 43
25 44
25 45
25 46
25 47
25 48
25 49
25 50
25 51
25 52
25 53
25 54
25 55
25 56
25 57
25 58
26 0
26 1
26 2
26 3
26 4
26 5
26 6
26 7
26 9
26 10
26 11
26 12
26 13
26 14
26 15
26 16
26 17
26 18
26 19
26 20
26 21
26 22
26 23
26 24
26 25
26 26
26 27
26 28
26 29
26 30
26 31
26 32
26 33
26 34
26 35
26 36
26 37
26 38
26 39
26 40
26 41
26 42
26 43
26 44
26 45
26 46
26 47
26 48
26 49
26 50
26 51
26 52
26 53
26 54
26 55
26 56
26 57
26 58
27 0
27 1
27 2
27 3
27 4
27 5
27 6
27 7
27 8
27 10
27 11
27 12
27 13
27 14
27 15
27 16
27 17
27 18
27 19
27 20
27 21
27 22
27 23
27 24
27 25
27 26
27 27
27 28
27 29
27 30
27 31
27 32
27 33
27 34
27 35
27 36
27 37
27 38
27 39
27 40
27 41
27 42
27 43
27 44
27 45
27 46
27 47
27 48
27 49
27 50
27 51
27 52
27 53
27 54
27 55
27 56
27 57
27 58
28 0
28 1
28 2
28 3
28 4
28 5
28 6
28 7
28 8
28 9
28 11
28 12
28 13
28 14
28 15
28 16
28 17
28 18
28 19
28 20
28 21
28 22
28 23
28 24
28 25
28 26
28 27
28 28
28 29
28 30
28 31
28 32
28 33
28 34
28 35
28 36
28 37
28 38
28 39
28 40
28 41
28 42
28 43
28 44
28 45
28 46
28 47
28 48
28 49
28 50
28 51
28 52
28 53
28 54
28 55
28 56
28 57
28 58
29 0
29 1
29 2
29 3
29 4
29 5
29 6
29 7
29 8
29 9
29 11
29 12
29 13
29 14
29 15
29 16
29 17
29 18
29 19
29 20
29 21
29 22
29 23
29 24
29 25
29 26
29 27
29 28
29 29
29 30
29 31
29 32
29 33
29 34
29 35
29 36
29 37
29 38
29 39
29 40
29 41
29 42
29 43
29 44
29 45
29 46
29 47
29 48
29 49
29 50
29 51
29 52
29 53
29 54
29 55
29 56
29 57
29 58
30 0
30 1
30 2
30 3
30 4
30 5
30 6
30 7
30 8
30 9
30 11
30 12
30 13
30 14
30 15
30 16
30 17
30 18
30 19
30 20
30 21
30 22
30 23
30 24
30 25
30 26
30 27
30 28
30 29
30 30
30 31
30 32
30 33
30 34
30 35
30 36
30 37
30 38
30 39
30 40
30 41
30 42
30 43
30 44
30 45
30 46
30 47
30 48
30 49
30 50
30 51
30 52
30 53
30 54
30 55
30 56
30 57
30 58
31 0
31 1
31 2
31 3
31 4
31 5
31 6
31 7
31 8
31 9
31 11
31 12
31 13
31 14
31 15
31 16
31 17
31 18
31 19
31 20
31 21
31 22
31 23
31 24
31 25
31 26
31 27
31 28
31 29
31 30
31 31
31 32
31 33
31 34
31 35
31 36
31 37
31 38
31 39
31 40
31 41
31 42
31 43
31 44
31 45
31 46
31 47
31 48
31 49
31 50
31 51
31 52
31 53
31 54
31 55
31 56
31 57
31 58
32 0
32 1
32 2
32 3
32 4
32 5
32 6
32 7
32 8
32 9
32 11
32 12
32 13
32 14
32 15
32 16
32 17
32 18
32 19
32 20
32 21
32 22
32 23
32 24
32 25
32 26
32 27
32 28
32 29
32 30
32 31
32 32
32 33
32 34
32 35
32 36
32 37
32 38
32 39
32 40
32 41
32 42
32 43
32 44
32 45
32 46
32 47
32 48
32 49
32 50
32 51
32 52
32 53
32 54
32 55
32 56
32 57
32 58
33 0
33 1
33 2
33 3
33 4
33 5
33 6
33 7
33 8
33 9
33 10
33 12
33 13
33 14
33 15
33 16
33 17
33 18
33 19
33 20
33 21
33 22
33 23
33 24
33 25
33 26
33 27
33 28
33 29
33 30
33 31
33 32
33 33
33 34
33 35
33 36
33 37
33 38
33 39
33 40
33 41
33 42
33 43
33 44
33 45
33 46
33 47
33 48
33 49
33 50
33 51
33 52
33 53
33 54
33 55
33 56
33 57
33 58
34 0
34 1
34 2
34 3
34 4
34 5
34 6
34 7
34 8
34 9
34 10
34 12
34 13
34 14
34 15
34 16
34 17
34 18
34 19
34 20
34 21
34 22
34 23
34 24
34 25
34 26
34 27
34 28
34 29
34 30
34 31
34 32
34 33
34 34
34 35
34 36
34 37
34 38
34 39
34 40
34 41
34 42
34 43
34 44
34 45
34 46
34 47
34 48
34 49
34 50
34 51
34 52
34 53
34 54
34 55
34 56
34 57
34 58
35 0
35 1
35 2
35 3
35 4
35 5
35 6
35 7
35 8
35 9
35 10
35 12
35 13
35 14
35 15
35 16
35 17
35 18
35 19
35 20
35 21
35 22
35 23
35 24
35 25
35 26
35 27
35 28
35 29
35 30
35 31
35 32
35 33
35 34
35 35
35 36
35 37
35 38
35 39
35 40
35 41
35 42
35 43
35 44
35 45
35 46
35 47
35 48
35 49
35 50
35 51
35 52
35 53
35 54
35 55
35 56
35 57
35 58
36 0
36 1
36 2
36 3
36 5
36 6
36 7
36 8
36 9
36 10
36 11
36 12
36 13
36 14
36 15
36 16
36 17
36 18
36 19
36 20
36 21
36 22
36 23
36 24
36 25
36 26
36 27
36 28
36 29
36 30
36 31
36 32
36 33
36 34
36 35
36 36
36 37
36 38
36 39
36 40
36 41
36 42
36 43
36 44
36 45
36 46
36 47
36 48
36 49
36 50
36 51
36 52
36 53
36 54
36 55
36 56
36 57
36 58
37 1
37 2
37 3
37 4
37 5
37 6
37 7
37 8
37 9
37 10
37 11
37 12
37 13
37 14
37 15
37 16
37 17
37 18
37 19
37 20
37 21
37 22
37 23
37 24
37 25
37 26
37 27
37 28
37 29
37 30
37 31
37 32
37 33
37 34
37 35
37 36
37 37
37 38
37 39
37 40
37 41
37 42
37 43
37 44
37 45
37 46
37 47
37 48
37 49
37 50
37 51
37 52
37 53
37 54
37 55
37 56
37 57
37 58
38 0
38 1
38 2
38 3
38 4
38 6
38 7
38 8
38 9
38 10
38 11
38 12
38 13
38 14
38 15
38 16
38 17
38 18
38 19
38 20
38 21
38 22
38 23
38 24
38 25
38 26
38 27
38 28
38 29
38 30
38 31
38 32
38 33
38 34
38 35
38 36
38 37
38 38
38 39
38 40
38 41
38 42
38 43
38 44
38 45
38 46
38 47
38 48
38 49
38 50
38 51
38 52
38 53
38 54
38 55
38 56
38 57
38 58
39 0
39 1
39 2
39 3
39 4
39 5
39 6
39 7
39 8
39 9
39 10
39 11
39 13
39 14
39 15
39 16
39 17
39 18
39 19
39 20
39 21
39 22
39 23
39 24
39 25
39 26
39 27
39 28
39 29
39 30
39 31
39 32
39 33
39 34
39 35
39 36
39 37
39 38
39 39
39 40
39 41
39 42
39 43
39 44
39 45
39 46
39 47
39 48
39 49
39 50
39 51
39 52
39 53
39 54
39 55
39 56
39 57
39 58
40 0
40 1
40 2
40 3
40 4
40 6
40 7
40 8
40 9
40 10
40 11
40 12
40 13
40 14
40 15
40 16
40 17
40 18
40 19
40 20
40 21
40 22
40 23
40 24
40 25
40 26
40 27
40 28
40 29
40 30
40 31
40 32
40 33
40 34
40 35
40 36
40 37
40 38
40 39
40 40
40 41
40 42
40 43
40 44
40 45
40 46
40 47
40 48
40 49
40 50
40 51
40 52
40 53
40 54
40 55
40 56
40 57
40 58
41 1
41 2
41 3
41 4
41 5
41 6
41 7
41 8
41 9
41 10
41 11
41 12
41 13
41 14
41 15
41 16
41 17
41 18
41 19
41 20
41 21
41 22
41 23
41 24
41 25
41 26
41 27
41 28
41 29
41 30
41 31
41 32
41 33
41 34
41 35
41 36
41 37
41 38
41 39
41 40
41 41
41 42
41 43
41 44
41 45
41 46
41 47
41 48
41 49
41 50
41 51
41 52
41 53
41 54
41 55
41 56
41 57
41 58
42 0
42 1
42 2
42 3
42 4
42 5
42 6
42 7
42 8
42 9
42 10
42 11
42 12
42 14
42 15
42 16
42 17
42 18
42 19
42 20
42 21
42 22
42 23
42 24
42 25
42 26
42 27
42 28
42 29
42 30
42 31
42 32
42 33
42 34
42 35
42 36
42 37
42 38
42 39
42 40
42 41
42 42
42 43
42 44
42 45
42 46
42 47
42 48
42 49
42 50
42 51
42 52
42 53
42 54
42 55
42 56
42 57
42 58
43 1
43 2
43 3
43 6
43 7
43 8
43 9
43 10
43 11
43 12
43 13
43 14
43 15
43 16
43 17
43 18
43 19
43 20
43 21
43 22
43 23
43 24
43 25
43 26
43 27
43 28
43 29
43 31
43 32
43 33
43 34
43 35
43 36
43 37
43 38
43 39
43 40
43 41
43 42
43 43
43 44
43 45
43 46
43 47
43 48
43 49
43 50
43 51
43 52
43 53
43 54
43 55
43 56
43 57
43 58
44 0
44 1
44 2
44 3
44 4
44 5
44 6
44 7
44 8
44 9
44 10
44 11
44 12
44 13
44 15
44 16
44 17
44 18
44 19
44 20
44 21
44 22
44 23
44 24
44 25
44 26
44 27
44 28
44 29
44 30
44 31
44 32
44 33
44 34
44 35
44 36
44 37
44 38
44 39
44 40
44 41
44 42
44 43
44 44
44 45
44 47
44 48
44 49
44 50
44 51
44 52
44 53
44 54
44 55
44 56
44 57
44 58
45 0
45 1
45 2
45 3
45 4
45 5
45 7
45 8
45 9
45 10
45 11
45 12
45 13
45 14
45 15
45 16
45 17
45 18
45 19
45 20
45 21
45 22
45 23
45 24
45 25
45 26
45 27
45 28
45 29
45 30
45 31
45 32
45 33
45 34
45 35
45 36
45 37
45 38
45 39
45 40
45 41
45 42
45 43
45 44
45 45
45 46
45 47
45 48
45 49
45 50
45 51
45 52
45 53
45 54
45 55
45 56
45 57
45 58
46 0
46 1
46 2
46 3
46 4
46 5
46 7
46 8
46 9
46 10
46 11
46 12
46 13
46 14
46 15
46 16
46 17
46 18
46 19
46 20
46 21
46 22
46 23
46 24
46 25
46 26
46 27
46 28
46 29
46 30
46 31
46 32
46 33
46 34
46 35
46 36
46 37
46 38
46 39
46 40
46 41
46 42
46 43
46 44
46 45
46 46
46 47
46 48
46 49
46 50
46 51
46 52
46 53
46 54
46 55
46 56
46 57
46 58
47 0
47 1
47 2
47 3
47 4
47 5
47 7
47 8
47 9
47 10
47 11
47 12
47 13
47 14
47 15
47 16
47 17
47 18
47 19
47 20
47 21
47 22
47 23
47 24
47 25
47 26
47 27
47 28
47 29
47 30
47 31
47 32
47 33
47 34
47 35
47 36
47 37
47 38
47 39
47 40
47 41
47 42
47 43
47 44
47 45
47 46
47 47
47 48
47 49
47 50
47 51
47 52
47 53
47 54
47 55
47 56
47 57
47 58
48 0
48 1
48 2
48 3
48 4
48 5
48 7
48 8
48 9
48 10
48 11
48 12
48 13
48 14
48 15
48 16
48 17
48 18
48 19
48 20
48 21
48 22
48 23
48 24
48 25
48 26
48 27
48 28
48 29
48 30
48 31
48 32
48 33
48 34
48 35
48 36
48 37
48 38
48 39
48 40
48 41
48 42
48 43
48 44
48 45
48 46
48 47
48 48
48 49
48 50
48 51
48 52
48 53
48 54
48 55
48 56
48 57
48 58
49 0
49 1
49 2
49 3
49 4
49 5
49 7
49 8
49 9
49 10
49 11
49 12
49 13
49 14
49 15
49 16
49 17
49 18
49 19
49 20
49 21
49 22
49 23
49 24
49 25
49 26
49 27
49 28
49 29
49 30
49 31
49 32
49 33
49 34
49 35
49 36
49 37
49 38
49 39
49 40
49 41
49 42
49 43
49 44
49 45
49 46
49 47
49 48
49 49
49 50
49 51
49 52
49 53
49 54
49 55
49 56
49 57
49 58
50 0
50 1
50 2
50 3
50 4
50 5
50 7
50 8
50 9
50 10
50 11
50 12
50 13
50 14
50 15
50 16
50 17
50 18
50 19
50 20
50 21
50 22
50 23
50 24
50 25
50 26
50 27
50 28
50 29
50 30
50 31
50 32
50 33
50 34
50 35
50 36
50 37
50 38
50 39
50 40
50 41
50 42
50 43
50 44
50 45
50 46
50 47
50 48
50 49
50 50
50 51
50 52
50 53
50 54
50 55
50 56
50 57
50 58
51 0
51 1
51 2
51 3
51 4
51 5
51 6
51 7
51 8
51 9
51 10
51 11
51 12
51 13
51 14
51 16
51 17
51 18
51 19
51 20
51 21
51 22
51 23
51 24
51 25
51 26
51 27
51 28
51 29
51 30
51 31
51 32
51 33
51 34
51 35
51 36
51 37
51 38
51 39
51 40
51 41
51 42
51 43
51 44
51 45
51 46
51 47
51 48
51 49
51 50
51 51
51 52
51 53
51 54
51 55
51 56
51 57
51 58
52 0
52 1
52 2
52 3
52 4
52 5
52 6
52 7
52 8
52 9
52 10
52 11
52 12
52 13
52 14
52 16
52 17
52 18
52 19
52 20
52 21
52 22
52 23
52 24
52 25
52 26
52 27
52 28
52 29
52 30
52 31
52 32
52 33
52 34
52 35
52 36
52 37
52 38
52 39
52 40
52 41
52 42
52 43
52 44
52 45
52 46
52 47
52 48
52 49
52 50
52 51
52 52
52 53
52 54
52 55
52 56
52 57
52 58
53 0
53 1
53 2
53 3
53 4
53 5
53 6
53 7
53 8
53 9
53 10
53 11
53 12
53 13
53 14
53 16
53 17
53 18
53 19
53 20
53 21
53 22
53 23
53 24
53 25
53 26
53 27
53 28
53 29
53 30
53 31
53 32
53 33
53 34
53 35
53 36
53 37
53 38
53 39
53 40
53 41
53 42
53 43
53 44
53 45
53 46
53 47
53 48
53 49
53 50
53 51
53 52
53 53
53 54
53 55
53 56
53 57
53 58
54 0
54 1
54 2
54 3
54 4
54 5
54 6
54 7
54 8
54 9
54 10
54 11
54 12
54 13
54 14
54 16
54 17
54 18
54 19
54 20
54 21
54 22
54 23
54 24
54 25
54 26
54 27
54 28
54 29
54 30
54 31
54 32
54 33
54 34
54 35
54 36
54 37
54 38
54 39
54 40
54 41
54 42
54 43
54 44
54 45
54 46
54 47
54 48
54 49
54 50
54 51
54 52
54 53
54 54
54 55
54 56
54 57
54 58
55 0
55 1
55 2
55 3
55 4
55 5
55 6
55 7
55 8
55 9
55 10
55 11
55 12
55 13
55 14
55 16
55 17
55 18
55 19
55 20
55 21
55 22
55 23
55 24
55 25
55 26
55 27
55 28
55 29
55 30
55 31
55 32
55 33
55 34
55 35
55 36
55 37
55 38
55 39
55 40
55 41
55 42
55 43
55 44
55 45
55 46
55 47
55 48
55 49
55 50
55 51
55 52
55 53
55 54
55 55
55 56
55 57
55 58
56 0
56 1
56 2
56 3
56 4
56 5
56 6
56 7
56 8
56 9
56 10
56 11
56 12
56 13
56 14
56 16
56 17
56 18
56 19
56 20
56 21
56 22
56 23
56 24
56 25
56 26
56 27
56 28
56 29
56 30
56 31
56 32
56 33
56 34
56 35
56 36
56 37
56 38
56 39
56 40
56 41
56 42
56 43
56 44
56 45
56 46
56 47
56 48
56 49
56 50
56 51
56 52
56 53
56 54
56 55
56 56
56 57
56 58
57 0
57 1
57 2
57 3
57 4
57 5
57 6
57 7
57 8
57 9
57 10
57 11
57 12
57 13
57 14
57 16
57 17
57 18
57 19
57 20
57 21
57 22
57 23
57 24
57 25
57 26
57 27
57 28
57 29
57 30
57 31
57 32
57 33
57 34
57 35
57 36
57 37
57 38
57 39
57 40
57 41
57 42
57 43
57 44
57 45
57 46
57 47
57 48
57 49
57 50
57 51
57 52
57 53
57 54
57 55
57 56
57 57
57 58
58 0
58 1
58 2
58 3
58 4
58 5
58 6
58 7
58 8
58 9
58 10
58 11
58 12
58 13
58 14
58 16
58 17
58 18
58 19
58 20
58 21
58 22
58 23
58 24
58 25
58 26
58 27
58 28
58 29
58 30
58 31
58 32
58 33
58 34
58 35
58 36
58 37
58 38
58 39
58 40
58 41
58 42
58 43
58 44
58 45
58 46
58 47
58 48
58 49
58 50
58 51
58 52
58 53
58 54
58 55
58 56
58 57
58 58
59 0
59 1
59 2
59 3
59 4
59 5
59 6
59 7
59 8
59 9
59 10
59 11
59 12
59 13
59 14
59 16
59 17
59 18
59 19
59 20
59 21
59 22
59 23
59 24
59 25
59 26
59 27
59 28
59 29
59 30
59 31
59 32
59 33
59 34
59 35
59 36
59 37
59 38
59 39
59 40
59 41
59 42
59 43
59 44
59 45
59 46
59 47
59 48
59 49
59 50
59 51
59 52
59 53
59 54
59 55
59 56
59 57
59 58
60 0
60 1
60 2
60 3
60 5
60 6
60 7
60 8
60 9
60 10
60 11
60 12
60 13
60 14
60 15
60 16
60 17
60 18
60 19
60 20
60 21
60 22
60 23
60 24
60 25
60 26
60 27
60 28
60 29
60 30
60 31
60 32
60 33
60 34
60 35
60 36
60 37
60 38
60 39
60 40
60 41
60 42
60 43
60 44
60 45
60 46
60 47
60 48
60 49
60 50
60 51
60 52
60 53
60 54
60 55
60 56
60 57
60 58
61 0
61 1
61 2
61 3
61 4
61 6
61 7
61 8
61 9
61 10
61 11
61 12
61 13
61 14
61 15
61 16
61 17
61 18
61 19
61 20
61 21
61 22
61 23
61 24
61 25
61 26
61 27
61 28
61 29
61 30
61 31
61 32
61 33
61 34
61 35
61 36
61 37
61 38
61 39
61 40
61 41
61 42
61 43
61 44
61 45
61 46
61 47
61 48
61 49
61 50
61 51
61 52
61 53
61 54
61 55
61 56
61 57
61 58
62 0
62 1
62 2
62 3
62 4
62 5
62 7
62 8
62 10
62 11
62 12
62 13
62 14
62 15
62 17
62 18
62 19
62 20
62 21
62 22
62 23
62 24
62 25
62 26
62 27
62 28
62 29
62 30
62 31
62 32
62 33
62 34
62 35
62 36
62 37
62 38
62 39
62 40
62 41
62 42
62 43
62 44
62 45
62 46
62 47
62 48
62 49
62 51
62 52
62 53
62 54
62 55
62 56
62 57
62 58
63 0
63 1
63 2
63 3
63 4
63 6
63 7
63 8
63 9
63 10
63 11
63 12
63 13
63 14
63 15
63 16
63 17
63 18
63 19
63 20
63 21
63 22
63 23
63 24
63 25
63 26
63 27
63 28
63 29
63 30
63 31
63 32
63 33
63 34
63 35
63 36
63 37
63 38
63 39
63 40
63 41
63 42
63 43
63 44
63 45
63 46
63 47
63 48
63 49
63 50
63 51
63 52
63 53
63 54
63 55
63 56
63 57
63 58
64 0
64 1
64 2
64 3
64 4
64 5
64 6
64 7
64 8
64 9
64 10
64 11
64 12
64 13
64 14
64 15
64 16
64 18
64 19
64 20
64 21
64 22
64 23
64 24
64 25
64 26
64 27
64 28
64 29
64 30
64 31
64 32
64 33
64 34
64 35
64 36
64 37
64 38
64 39
64 40
64 41
64 42
64 43
64 44
64 45
64 46
64 47
64 48
64 49
64 50
64 51
64 52
64 53
64 54
64 55
64 56
64 57
64 58
65 0
65 1
65 2
65 4
65 5
65 6
65 7
65 8
65 9
65 10
65 11
65 12
65 13
65 14
65 15
65 16
65 17
65 18
65 19
65 20
65 21
65 22
65 23
65 24
65 25
65 26
65 27
65 28
65 29
65 30
65 31
65 32
65 33
65 34
65 35
65 36
65 37
65 38
65 39
65 40
65 41
65 42
65 43
65 44
65 45
65 46
65 47
65 48
65 49
65 50
65 51
65 52
65 53
65 54
65 55
65 56
65 57
65 58
66 0
66 1
66 2
66 3
66 4
66 5
66 6
66 7
66 8
66 9
66 10
66 11
66 12
66 13
66 14
66 15
66 17
66 18
66 19
66 20
66 21
66 22
66 23
66 24
66 25
66 26
66 27
66 28
66 29
66 30
66 31
66 32
66 33
66 34
66 35
66 36
66 37
66 38
66 39
66 40
66 41
66 42
66 43
66 44
66 45
66 46
66 47
66 48
66 49
66 50
66 51
66 52
66 53
66 54
66 55
66 56
66 57
66 58
67 0
67 1
67 2
67 3
67 4
67 5
67 6
67 7
67 8
67 9
67 10
67 11
67 12
67 13
67 14
67 15
67 17
67 18
67 19
67 20
67 21
67 22
67 23
67 24
67 25
67 26
67 27
67 28
67 29
67 30
67 31
67 32
67 33
67 34
67 35
67 36
67 37
67 38
67 39
67 40
67 41
67 42
67 43
67 44
67 45
67 46
67 47
67 48
67 49
67 50
67 51
67 52
67 53
67 54
67 55
67 56
67 57
67 58
68 0
68 1
68 2
68 3
68 4
68 5
68 6
68 7
68 8
68 9
68 10
68 11
68 12
68 13
68 14
68 15
68 17
68 18
68 19
68 20
68 21
68 22
68 23
68 24
68 25
68 26
68 27
68 28
68 29
68 30
68 31
68 32
68 33
68 34
68 35
68 36
68 37
68 38
68 39
68 40
68 41
68 42
68 43
68 44
68 45
68 46
68 47
68 48
68 49
68 50
68 51
68 52
68 53
68 54
68 55
68 56
68 57
68 58
69 0
69 1
69 2
69 3
69 4
69 5
69 6
69 7
69 8
69 9
69 10
69 11
69 12
69 13
69 14
69 15
69 17
69 18
69 19
69 20
69 21
69 22
69 23
69 24
69 25
69 26
69 27
69 28
69 29
69 30
69 31
69 32
69 33
69 34
69 35
69 36
69 37
69 38
69 39
69 40
69 41
69 42
69 43
69 44
69 45
69 46
69 47
69 48
69 49
69 50
69 51
69 52
69 53
69 54
69 55
69 56
69 57
69 58
70 0
70 1
70 2
70 3
70 4
70 5
70 6
70 7
70 8
70 9
70 10
70 11
70 12
70 13
70 14
70 15
70 17
70 18
70 19
70 20
70 21
70 22
70 23
70 24
70 25
70 26
70 27
70 28
70 29
70 30
70 31
70 32
70 33
70 34
70 35
70 36
70 37
70 38
70 39
70 40
70 41
70 42
70 43
70 44
70 45
70 46
70 47
70 48
70 49
70 50
70 51
70 52
70 53
70 54
70 55
70 56
70 57
70 58
71 0
71 1
71 2
71 3
71 4
71 5
71 6
71 7
71 8
71 9
71 10
71 11
71 12
71 13
71 14
71 15
71 17
71 18
71 19
71 20
71 21
71 22
71 23
71 24
71 25
71 26
71 27
71 28
71 29
71 30
71 31
71 32
71 33
71 34
71 35
71 36
71 37
71 38
71 39
71 40
71 41
71 42
71 43
71 44
71 45
71 46
71 47
71 48
71 49
71 50
71 51
71 52
71 53
71 54
71 55
71 56
71 57
71 58
72 1
72 2
72 3
72 4
72 5
72 6
72 7
72 8
72 9
72 10
72 11
72 12
72 13
72 14
72 15
72 16
72 17
72 18
72 19
72 20
72 21
72 22
72 23
72 24
72 25
72 26
72 27
72 28
72 29
72 30
72 31
72 32
72 33
72 34
72 35
72 36
72 37
72 38
72 39
72 40
72 41
72 42
72 43
72 44
72 45
72 46
72 47
72 48
72 49
72 50
72 51
72 52
72 53
72 54
72 56
72 57
72 58
73 1
73 2
73 3
73 4
73 5
73 6
73 7
73 8
73 9
73 10
73 11
73 12
73 13
73 14
73 15
73 16
73 17
73 18
73 19
73 20
73 21
73 22
73 23
73 24
73 25
73 26
73 27
73 28
73 29
73 30
73 31
73 32
73 33
73 34
73 35
73 36
73 37
73 38
73 39
73 40
73 41
73 42
73 43
73 44
73 45
73 46
73 47
73 48
73 49
73 50
73 51
73 52
73 53
73 54
73 55
73 56
73 57
73 58
74 1
74 2
74 3
74 4
74 5
74 6
74 7
74 8
74 9
74 10
74 11
74 12
74 13
74 14
74 15
74 16
74 17
74 18
74 19
74 20
74 21
74 22
74 23
74 24
74 25
74 26
74 27
74 28
74 29
74 30
74 31
74 32
74 33
74 34
74 35
74 36
74 37
74 38
74 39
74 40
74 41
74 42
74 43
74 44
74 45
74 46
74 47
74 48
74 49
74 50
74 51
74 52
74 53
74 54
74 55
74 56
74 57
74 58
75 1
75 2
75 3
75 4
75 5
75 6
75 7
75 8
75 9
75 10
75 11
75 12
75 13
75 14
75 15
75 16
75 17
75 18
75 19
75 20
75 21
75 22
75 23
75 24
75 25
75 26
75 27
75 28
75 29
75 30
75 31
75 32
75 33
75 34
75 35
75 36
75 37
75 38
75 39
75 40
75 41
75 42
75 43
75 44
75 45
75 46
75 47
75 48
75 49
75 50
75 51
75 52
75 53
75 54
75 55
75 56
75 57
75 58
76 1
76 2
76 3
76 4
76 5
76 6
76 7
76 8
76 9
76 10
76 11
76 12
76 13
76 14
76 15
76 16
76 17
76 18
76 19
76 20
76 21
76 22
76 23
76 24
76 25
76 26
76 27
76 28
76 29
76 30
76 31
76 32
76 33
76 34
76 35
76 36
76 37
76 38
76 39
76 40
76 41
76 42
76 43
76 44
76 45
76 46
76 47
76 48
76 49
76 50
76 51
76 52
76 53
76 54
76 55
76 56
76 57
76 58
77 1
77 2
77 3
77 4
77 5
77 6
77 7
77 8
77 9
77 10
77 11
77 12
77 13
77 14
77 15
77 16
77 17
77 18
77 19
77 20
77 21
77 22
77 23
77 24
77 25
77 26
77 27
77 28
77 29
77 30
77 31
77 32
77 33
77 34
77 35
77 36
77 37
77 38
77 39
77 40
77 41
77 42
77 43
77 44
77 45
77 46
77 47
77 48
77 49
77 50
77 51
77 52
77 53
77 54
77 55
77 56
77 57
77 58
78 1
78 2
78 3
78 4
78 5
78 6
78 7
78 8
78 9
78 10
78 11
78 12
78 13
78 14
78 15
78 16
78 17
78 18
78 19
78 20
78 21
78 22
78 23
78 24
78 25
78 26
78 27
78 28
78 29
78 30
78 31
78 32
78 33
78 34
78 35
78 36
78 37
78 38
78 39
78 40
78 41
78 42
78 43
78 44
78 45
78 46
78 47
78 48
78 49
78 50
78 51
78 52
78 53
78 54
78 55
78 56
78 57
78 58
79 1
79 2
79 3
79 4
79 5
79 6
79 7
79 8
79 9
79 10
79 11
79 12
79 13
79 14
79 15
79 16
79 17
79 18
79 19
79 20
79 21
79 22
79 23
79 24
79 25
79 26
79 27
79 28
79 29
79 30
79 31
79 32
79 33
79 34
79 35
79 36
79 37
79 38
79 39
79 40
79 41
79 42
79 43
79 44
79 45
79 46
79 47
79 48
79 49
79 50
79 51
79 52
79 53
79 54
79 55
79 56
79 57
79 58
80 1
80 2
80 3
80 4
80 5
80 6
80 7
80 8
80 9
80 10
80 11
80 12
80 13
80 14
80 15
80 16
80 17
80 18
80 19
80 20
80 21
80 22
80 23
80 24
80 25
80 26
80 27
80 28
80 29
80 30
80 31
80 32
80 33
80 34
80 35
80 36
80 37
80 38
80 39
80 40
80 41
80 42
80 43
80 44
80 45
80 46
80 47
80 48
80 49
80 50
80 51
80 52
80 53
80 54
80 55
80 56
80 57
80 58
81 1
81 2
81 3
81 4
81 5
81 6
81 7
81 8
81 9
81 10
81 11
81 12
81 13
81 14
81 15
81 16
81 17
81 18
81 19
81 20
81 21
81 22
81 23
81 24
81 25
81 26
81 27
81 28
81 29
81 30
81 31
81 32
81 33
81 34
81 35
81 36
81 37
81 38
81 39
81 40
81 41
81 42
81 43
81 44
81 45
81 46
81 47
81 48
81 49
81 50
81 51
81 52
81 53
81 54
81 55
81 56
81 57
81 58
82 0
82 1
82 2
82 3
82 5
82 6
82 7
82 8
82 9
82 10
82 11
82 12
82 14
82 15
82 16
82 17
82 18
82 20
82 21
82 22
82 23
82 24
82 25
82 26
82 27
82 28
82 29
82 30
82 31
82 32
82 33
82 34
82 35
82 36
82 37
82 38
82 39
82 40
82 41
82 42
82 43
82 44
82 45
82 46
82 47
82 48
82 49
82 50
82 51
82 52
82 53
82 54
82 55
82 56
82 57
82 58
83 1
83 2
83 3
83 4
83 5
83 6
83 7
83 8
83 9
83 10
83 11
83 12
83 13
83 14
83 15
83 16
83 17
83 18
83 19
83 20
83 21
83 22
83 23
83 24
83 25
83 26
83 27
83 28
83 29
83 30
83 31
83 32
83 33
83 34
83 35
83 36
83 37
83 38
83 39
83 40
83 41
83 42
83 43
83 44
83 45
83 46
83 47
83 48
83 49
83 50
83 51
83 52
83 53
83 54
83 55
83 56
83 57
83 58
84 0
84 1
84 2
84 3
84 4
84 5
84 6
84 7
84 8
84 9
84 10
84 11
84 12
84 13
84 14
84 15
84 16
84 17
84 19
84 20
84 21
84 22
84 23
84 24
84 25
84 26
84 27
84 28
84 29
84 30
84 31
84 32
84 33
84 34
84 35
84 36
84 37
84 38
84 39
84 40
84 41
84 42
84 43
84 44
84 45
84 46
84 47
84 48
84 49
84 50
84 51
84 52
84 53
84 54
84 55
84 56
84 57
84 58
85 0
85 1
85 2
85 3
85 4
85 5
85 6
85 7
85 8
85 9
85 10
85 11
85 12
85 13
85 14
85 15
85 16
85 17
85 19
85 20
85 21
85 22
85 23
85 24
85 25
85 26
85 27
85 28
85 29
85 30
85 31
85 32
85 33
85 34
85 35
85 36
85 37
85 38
85 39
85 40
85 41
85 42
85 43
85 44
85 45
85 46
85 47
85 48
85 49
85 50
85 51
85 52
85 53
85 54
85 55
85 56
85 57
85 58
86 0
86 1
86 2
86 3
86 4
86 5
86 6
86 7
86 8
86 9
86 10
86 11
86 12
86 13
86 14
86 15
86 16
86 17
86 19
86 20
86 21
86 22
86 23
86 24
86 25
86 26
86 27
86 28
86 29
86 30
86 31
86 32
86 33
86 34
86 35
86 36
86 37
86 38
86 39
86 40
86 41
86 42
86 43
86 44
86 45
86 46
86 47
86 48
86 49
86 50
86 51
86 52
86 53
86 54
86 55
86 56
86 57
86 58
87 0
87 1
87 2
87 3
87 4
87 5
87 6
87 7
87 8
87 9
87 10
87 11
87 12
87 13
87 14
87 15
87 16
87 17
87 19
87 20
87 21
87 22
87 23
87 24
87 25
87 26
87 27
87 28
87 29
87 30
87 31
87 32
87 33
87 34
87 35
87 36
87 37
87 38
87 39
87 40
87 41
87 42
87 43
87 44
87 45
87 46
87 47
87 48
87 49
87 50
87 51
87 52
87 53
87 54
87 55
87 56
87 57
87 58
88 0
88 1
88 2
88 3
88 4
88 5
88 6
88 7
88 8
88 9
88 10
88 11
88 12
88 13
88 14
88 15
88 16
88 17
88 19
88 20
88 21
88 22
88 23
88 24
88 25
88 26
88 27
88 28
88 29
88 30
88 31
88 32
88 33
88 34
88 35
88 36
88 37
88 38
88 39
88 40
88 41
88 42
88 43
88 44
88 45
88 46
88 47
88 48
88 49
88 50
88 51
88 52
88 53
88 54
88 55
88 56
88 57
88 58
89 0
89 1
89 2
89 3
89 4
89 5
89 6
89 7
89 8
89 9
89 10
89 11
89 12
89 13
89 14
89 15
89 16
89 17
89 19
89 20
89 21
89 22
89 23
89 24
89 25
89 26
89 27
89 28
89 29
89 30
89 31
89 32
89 33
89 34
89 35
89 36
89 37
89 38
89 39
89 40
89 41
89 42
89 43
89 44
89 45
89 46
89 47
89 48
89 49
89 50
89 51
89 52
89 53
89 54
89 55
89 56
89 57
89 58
90 0
90 1
90 2
90 3
90 5
90 6
90 7
90 8
90 9
90 10
90 11
90 12
90 13
90 14
90 15
90 16
90 17
90 18
90 19
90 20
90 21
90 22
90 23
90 24
90 25
90 26
90 27
90 28
90 29
90 30
90 31
90 32
90 33
90 34
90 35
90 36
90 37
90 38
90 39
90 40
90 41
90 42
90 43
90 44
90 45
90 46
90 47
90 48
90 49
90 50
90 51
90 52
90 53
90 54
90 55
90 56
90 57
90 58
91 0
91 1
91 2
91 3
91 5
91 6
91 7
91 8
91 9
91 10
91 11
91 12
91 13
91 14
91 15
91 16
91 17
91 18
91 19
91 20
91 21
91 22
91 23
91 24
91 25
91 26
91 27
91 28
91 29
91 30
91 31
91 32
91 33
91 34
91 35
91 36
91 37
91 38
91 39
91 40
91 41
91 42
91 43
91 44
91 45
91 46
91 47
91 48
91 49
91 50
91 51
91 52
91 53
91 54
91 55
91 56
91 57
91 58
92 0
92 1
92 2
92 3
92 4
92 6
92 7
92 8
92 9
92 10
92 11
92 12
92 13
92 14
92 15
92 17
92 18
92 19
92 20
92 21
92 22
92 23
92 24
92 25
92 26
92 27
92 28
92 29
92 30
92 31
92 32
92 33
92 34
92 35
92 36
92 37
92 38
92 39
92 40
92 41
92 42
92 43
92 44
92 45
92 46
92 47
92 48
92 49
92 50
92 51
92 52
92 53
92 54
92 55
92 56
92 57
92 58
93 0
93 1
93 2
93 3
93 4
93 6
93 7
93 8
93 9
93 10
93 11
93 12
93 13
93 14
93 15
93 16
93 17
93 18
93 19
93 20
93 21
93 22
93 23
93 24
93 25
93 26
93 27
93 28
93 29
93 30
93 31
93 32
93 33
93 34
93 35
93 36
93 37
93 38
93 39
93 40
93 41
93 42
93 43
93 44
93 45
93 46
93 47
93 48
93 49
93 50
93 51
93 52
93 53
93 54
93 55
93 56
93 57
93 58
94 1
94 2
94 3
94 4
94 5
94 6
94 7
94 8
94 9
94 10
94 11
94 12
94 13
94 14
94 15
94 16
94 17
94 18
94 19
94 20
94 21
94 22
94 23
94 24
94 25
94 26
94 27
94 28
94 29
94 30
94 31
94 32
94 33
94 34
94 35
94 36
94 37
94 38
94 39
94 40
94 41
94 42
94 43
94 44
94 45
94 46
94 47
94 48
94 49
94 50
94 51
94 52
94 53
94 54
94 55
94 56
94 57
94 58
95 0
95 1
95 2
95 4
95 5
95 6
95 7
95 8
95 9
95 10
95 11
95 12
95 13
95 14
95 15
95 16
95 17
95 18
95 19
95 22
95 23
95 24
95 25
95 26
95 27
95 28
95 29
95 30
95 31
95 32
95 33
95 34
95 35
95 36
95 37
95 38
95 39
95 40
95 41
95 42
95 43
95 44
95 45
95 46
95 47
95 48
95 49
95 50
95 51
95 52
95 53
95 54
95 55
95 56
95 57
95 58
96 0
96 1
96 2
96 3
96 5
96 6
96 7
96 8
96 9
96 10
96 11
96 12
96 13
96 14
96 15
96 16
96 17
96 18
96 19
96 20
96 21
96 22
96 23
96 24
96 25
96 26
96 27
96 28
96 29
96 30
96 31
96 32
96 33
96 34
96 35
96 36
96 37
96 38
96 39
96 40
96 41
96 42
96 43
96 44
96 45
96 46
96 47
96 48
96 49
96 50
96 51
96 52
96 53
96 54
96 55
96 56
96 57
96 58
97 0
97 1
97 2
97 3
97 4
97 5
97 6
97 7
97 8
97 9
97 10
97 11
97 12
97 13
97 14
97 15
97 16
97 17
97 18
97 19
97 20
97 21
97 23
97 24
97 25
97 26
97 27
97 28
97 29
97 30
97 31
97 32
97 33
97 34
97 35
97 36
97 37
97 38
97 39
97 40
97 41
97 42
97 43
97 44
97 45
97 46
97 47
97 48
97 49
97 50
97 51
97 52
97 53
97 54
97 55
97 56
97 57
97 58
98 0
98 1
98 2
98 3
98 4
98 5
98 6
98 7
98 8
98 9
98 10
98 11
98 12
98 13
98 14
98 15
98 16
98 17
98 18
98 19
98 20
98 21
98 22
98 24
98 25
98 26
98 27
98 28
98 29
98 30
98 31
98 32
98 33
98 34
98 35
98 36
98 37
98 38
98 39
98 40
98 41
98 42
98 43
98 44
98 45
98 46
98 47
98 48
98 49
98 50
98 51
98 52
98 53
98 54
98 55
98 56
98 57
98 58
99 0
99 1
99 2
99 3
99 4
99 5
99 6
99 7
99 8
99 9
99 10
99 11
99 12
99 13
99 14
99 15
99 16
99 17
99 18
99 19
99 20
99 21
99 22
99 23
99 26
99 27
99 28
99 29
99 30
99 31
99 32
99 33
99 34
99 35
99 36
99 37
99 38
99 39
99 40
99 41
99 42
99 43
99 44
99 45
99 46
99 47
99 48
99 49
99 50
99 51
99 52
99 53
99 54
99 55
99 56
99 57
99 58
100 0
100 1
100 2
100 3
100 4
100 5
100 6
100 7
100 8
100 9
100 10
100 11
100 12
100 13
100 14
100 15
100 16
100 17
100 18
100 19
100 20
100 21
100 22
100 23
100 24
100 25
100 27
100 28
100 29
100 30
100 31
100 32
100 33
100 34
100 35
100 36
100 37
100 38
100 39
100 40
100 41
100 42
100 43
100 44
100 45
100 46
100 47
100 48
100 49
100 50
100 51
100 52
100 53
100 54
100 55
100 56
100 57
100 58
101 0
101 1
101 2
101 3
101 4
101 5
101 6
101 7
101 8
101 9
101 10
101 11
101 12
101 13
101 14
101 15
101 16
101 17
101 18
101 19
101 20
101 21
101 22
101 23
101 24
101 25
101 27
101 28
101 29
101 30
101 31
101 32
101 33
101 34
101 35
101 36
101 37
101 38
101 39
101 40
101 41
101 42
101 43
101 44
101 45
101 46
101 47
101 48
101 49
101 50
101 51
101 52
101 53
101 54
101 55
101 56
101 57
101 58
102 0
102 1
102 2
102 3
102 4
102 5
102 6
102 7
102 8
102 9
102 10
102 11
102 12
102 13
102 14
102 15
102 16
102 17
102 18
102 19
102 20
102 21
102 22
102 23
102 24
102 25
102 27
102 28
102 29
102 30
102 31
102 32
102 33
102 34
102 35
102 36
102 37
102 38
102 39
102 40
102 41
102 42
102 43
102 44
102 45
102 46
102 47
102 48
102 49
102 50
102 51
102 52
102 53
102 54
102 55
102 56
102 57
102 58
103 0
103 1
103 2
103 3
103 4
103 5
103 6
103 7
103 8
103 9
103 10
103 11
103 12
103 13
103 14
103 15
103 16
103 17
103 18
103 19
103 20
103 21
103 22
103 23
103 24
103 25
103 27
103 28
103 29
103 30
103 31
103 32
103 33
103 34
103 35
103 36
103 37
103 38
103 39
103 40
103 41
103 42
103 43
103 44
103 45
103 46
103 47
103 48
103 49
103 50
103 51
103 52
103 53
103 54
103 55
103 56
103 57
103 58
104 0
104 1
104 2
104 3
104 4
104 5
104 6
104 7
104 8
104 9
104 10
104 11
104 12
104 13
104 14
104 15
104 16
104 17
104 18
104 19
104 20
104 21
104 22
104 23
104 24
104 25
104 26
104 28
104 29
104 30
104 31
104 32
104 33
104 34
104 35
104 36
104 37
104 38
104 39
104 40
104 41
104 42
104 44
104 45
104 46
104 47
104 48
104 49
104 50
104 51
104 52
104 53
104 54
104 55
104 56
104 57
104 58
105 0
105 1
105 2
105 3
105 4
105 5
105 6
105 7
105 8
105 9
105 10
105 11
105 12
105 13
105 14
105 15
105 16
105 17
105 18
105 19
105 20
105 21
105 22
105 23
105 24
105 25
105 26
105 27
105 29
105 30
105 31
105 32
105 33
105 34
105 35
105 36
105 37
105 38
105 39
105 40
105 41
105 42
105 43
105 44
105 45
105 46
105 47
105 48
105 49
105 50
105 51
105 52
105 53
105 54
105 55
105 56
105 57
105 58
106 0
106 1
106 2
106 3
106 4
106 5
106 6
106 7
106 8
106 9
106 10
106 11
106 12
106 13
106 14
106 15
106 16
106 17
106 18
106 19
106 20
106 21
106 22
106 23
106 24
106 25
106 26
106 27
106 29
106 30
106 31
106 32
106 33
106 34
106 35
106 36
106 37
106 38
106 39
106 40
106 41
106 42
106 43
106 44
106 45
106 46
106 47
106 48
106 49
106 50
106 51
106 52
106 53
106 54
106 55
106 56
106 57
106 58
107 0
107 1
107 2
107 3
107 4
107 5
107 6
107 7
107 8
107 9
107 10
107 11
107 12
107 13
107 14
107 15
107 16
107 17
107 18
107 19
107 20
107 21
107 22
107 23
107 24
107 25
107 26
107 27
107 28
107 30
107 31
107 32
107 33
107 34
107 35
107 36
107 37
107 38
107 39
107 40
107 41
107 42
107 43
107 44
107 45
107 46
107 47
107 48
107 49
107 50
107 51
107 52
107 53
107 54
107 55
107 56
107 57
107 58
108 0
108 1
108 2
108 3
108 4
108 5
108 6
108 7
108 8
108 9
108 10
108 11
108 12
108 13
108 14
108 15
108 16
108 17
108 18
108 19
108 20
108 21
108 22
108 23
108 24
108 25
108 26
108 27
108 28
108 29
108 30
108 32
108 33
108 34
108 35
108 36
108 37
108 38
108 39
108 40
108 41
108 42
108 43
108 44
108 45
108 46
108 47
108 48
108 49
108 50
108 51
108 52
108 53
108 54
108 55
108 56
108 57
108 58
109 0
109 1
109 2
109 3
109 4
109 5
109 6
109 7
109 8
109 9
109 10
109 11
109 12
109 13
109 14
109 15
109 16
109 17
109 18
109 19
109 20
109 21
109 22
109 23
109 24
109 25
109 26
109 27
109 29
109 30
109 31
109 32
109 33
109 34
109 35
109 36
109 37
109 38
109 39
109 40
109 41
109 42
109 43
109 44
109 45
109 46
109 47
109 48
109 49
109 50
109 51
109 52
109 53
109 54
109 55
109 56
109 57
109 58
110 0
110 1
110 2
110 3
110 4
110 5
110 6
110 7
110 8
110 9
110 10
110 11
110 12
110 13
110 15
110 16
110 17
110 18
110 19
110 20
110 21
110 22
110 23
110 24
110 25
110 26
110 27
110 28
110 29
110 30
110 31
110 32
110 33
110 34
110 35
110 36
110 37
110 38
110 39
110 40
110 41
110 42
110 43
110 44
110 45
110 46
110 47
110 48
110 49
110 50
110 51
110 52
110 53
110 54
110 55
110 56
110 57
110 58
111 0
111 1
111 2
111 3
111 4
111 5
111 6
111 7
111 8
111 9
111 10
111 11
111 12
111 13
111 14
111 15
111 16
111 17
111 18
111 19
111 20
111 21
111 22
111 23
111 24
111 26
111 27
111 28
111 29
111 30
111 31
111 32
111 33
111 34
111 35
111 36
111 37
111 38
111 39
111 40
111 41
111 42
111 43
111 44
111 45
111 46
111 47
111 48
111 49
111 50
111 51
111 52
111 53
111 54
111 55
111 56
111 57
111 58
112 0
112 1
112 2
112 3
112 4
112 5
112 6
112 7
112 8
112 9
112 10
112 11
112 12
112 13
112 14
112 15
112 16
112 17
112 18
112 19
112 20
112 21
112 22
112 23
112 24
112 26
112 27
112 28
112 29
112 30
112 31
112 32
112 33
112 34
112 35
112 36
112 37
112 38
112 39
112 40
112 41
112 42
112 43
112 44
112 45
112 46
112 47
112 48
112 49
112 50
112 51
112 52
112 53
112 54
112 55
112 56
112 57
112 58
113 0
113 1
113 2
113 3
113 4
113 5
113 6
113 7
113 8
113 9
113 10
113 11
113 12
113 13
113 14
113 15
113 16
113 17
113 18
113 19
113 20
113 21
113 22
113 23
113 24
113 26
113 27
113 28
113 29
113 30
113 31
113 32
113 33
113 34
113 35
113 36
113 37
113 38
113 39
113 40
113 41
113 42
113 43
113 44
113 45
113 46
113 47
113 48
113 49
113 50
113 51
113 52
113 53
113 54
113 55
113 56
113 57
113 58
114 0
114 1
114 2
114 3
114 4
114 5
114 6
114 7
114 8
114 9
114 10
114 11
114 12
114 13
114 14
114 15
114 16
114 17
114 18
114 19
114 20
114 21
114 22
114 23
114 24
114 26
114 27
114 28
114 29
114 30
114 31
114 32
114 33
114 34
114 35
114 36
114 37
114 38
114 39
114 40
114 41
114 42
114 43
114 44
114 45
114 46
114 47
114 48
114 49
114 50
114 51
114 52
114 53
114 54
114 55
114 56
114 57
114 58
115 0
115 1
115 2
115 3
115 4
115 5
115 6
115 7
115 8
115 9
115 10
115 11
115 12
115 13
115 14
115 15
115 16
115 17
115 18
115 19
115 20
115 21
115 22
115 23
115 24
115 26
115 27
115 28
115 29
115 30
115 31
115 32
115 33
115 34
115 35
115 36
115 37
115 38
115 39
115 40
115 41
115 42
115 43
115 44
115 45
115 46
115 47
115 48
115 49
115 50
115 51
115 52
115 53
115 54
115 55
115 56
115 57
115 58
116 0
116 1
116 2
116 3
116 4
116 5
116 6
116 7
116 8
116 9
116 10
116 11
116 12
116 13
116 14
116 15
116 16
116 17
116 18
116 19
116 20
116 21
116 22
116 23
116 24
116 25
116 26
116 27
116 28
116 29
116 30
116 31
116 33
116 34
116 35
116 36
116 37
116 38
116 39
116 40
116 41
116 42
116 43
116 44
116 45
116 46
116 47
116 48
116 49
116 50
116 51
116 52
116 53
116 54
116 55
116 56
116 57
116 58
117 0
117 1
117 2
117 3
117 4
117 5
117 6
117 7
117 8
117 9
117 10
117 11
117 12
117 13
117 14
117 15
117 16
117 17
117 18
117 19
117 20
117 21
117 22
117 23
117 24
117 25
117 26
117 27
117 28
117 29
117 30
117 31
117 32
117 34
117 35
117 36
117 37
117 38
117 39
117 40
117 41
117 42
117 43
117 44
117 45
117 46
117 47
117 48
117 49
117 50
117 51
117 52
117 53
117 54
117 55
117 56
117 57
117 58
118 0
118 1
118 2
118 3
118 4
118 5
118 6
118 7
118 8
118 9
118 10
118 11
118 12
118 13
118 14
118 15
118 16
118 17
118 18
118 19
118 20
118 21
118 22
118 23
118 24
118 25
118 26
118 27
118 28
118 29
118 30
118 31
118 32
118 34
118 35
118 36
118 37
118 38
118 39
118 40
118 41
118 42
118 43
118 44
118 45
118 46
118 47
118 48
118 49
118 50
118 51
118 52
118 53
118 54
118 55
118 56
118 57
118 58
119 0
119 1
119 2
119 3
119 4
119 5
119 6
119 7
119 8
119 9
119 10
119 11
119 12
119 13
119 14
119 15
119 16
119 17
119 18
119 19
119 20
119 21
119 22
119 23
119 24
119 25
119 26
119 27
119 28
119 29
119 30
119 31
119 32
119 34
119 35
119 36
119 37
119 38
119 39
119 40
119 41
119 42
119 43
119 44
119 45
119 46
119 47
119 48
119 49
119 50
119 51
119 52
119 53
119 54
119 55
119 56
119 57
119 58
120 0
120 1
120 2
120 3
120 4
120 5
120 6
120 7
120 8
120 9
120 10
120 11
120 12
120 13
120 14
120 15
120 16
120 17
120 18
120 19
120 20
120 21
120 22
120 23
120 24
120 25
120 26
120 27
120 28
120 29
120 30
120 31
120 32
120 34
120 35
120 36
120 37
120 38
120 39
120 40
120 41
120 42
120 43
120 44
120 45
120 46
120 47
120 48
120 49
120 50
120 51
120 52
120 53
120 54
120 55
120 56
120 57
120 58
121 1
121 2
121 3
121 4
121 5
121 6
121 7
121 8
121 9
121 10
121 11
121 12
121 13
121 14
121 15
121 16
121 17
121 18
121 19
121 20
121 21
121 22
121 23
121 24
121 25
121 26
121 27
121 28
121 29
121 30
121 31
121 32
121 33
121 34
121 35
121 36
121 37
121 38
121 39
121 40
121 41
121 42
121 43
121 44
121 45
121 46
121 47
121 48
121 49
121 50
121 51
121 52
121 53
121 54
121 55
121 56
121 57
121 58
122 0
122 1
122 2
122 3
122 4
122 5
122 6
122 7
122 8
122 9
122 10
122 11
122 12
122 13
122 14
122 15
122 16
122 17
122 18
122 19
122 20
122 21
122 22
122 23
122 24
122 25
122 26
122 27
122 28
122 29
122 30
122 31
122 32
122 33
122 35
122 36
122 37
122 38
122 39
122 40
122 41
122 42
122 43
122 44
122 45
122 46
122 47
122 48
122 49
122 50
122 51
122 52
122 53
122 54
122 55
122 56
122 57
122 58
123 0
123 1
123 2
123 3
123 4
123 5
123 6
123 7
123 8
123 9
123 10
123 11
123 12
123 13
123 14
123 15
123 16
123 17
123 18
123 19
123 20
123 21
123 22
123 23
123 24
123 25
123 26
123 27
123 28
123 29
123 30
123 31
123 32
123 33
123 35
123 36
123 37
123 38
123 39
123 40
123 41
123 42
123 43
123 44
123 45
123 46
123 47
123 48
123 49
123 50
123 51
123 52
123 53
123 54
123 55
123 56
123 57
123 58
124 0
124 1
124 2
124 3
124 4
124 5
124 6
124 7
124 8
124 9
124 10
124 11
124 12
124 13
124 14
124 15
124 16
124 17
124 18
124 19
124 20
124 21
124 22
124 23
124 24
124 25
124 26
124 27
124 28
124 29
124 30
124 31
124 32
124 33
124 34
124 36
124 37
124 38
124 39
124 40
124 41
124 42
124 43
124 44
124 45
124 46
124 47
124 48
124 49
124 50
124 51
124 52
124 53
124 54
124 55
124 56
124 57
124 58
125 0
125 1
125 2
125 3
125 4
125 5
125 6
125 7
125 8
125 9
125 10
125 11
125 12
125 13
125 14
125 15
125 16
125 17
125 18
125 19
125 20
125 21
125 22
125 23
125 24
125 25
125 26
125 27
125 28
125 29
125 30
125 31
125 32
125 33
125 34
125 36
125 37
125 38
125 39
125 40
125 41
125 42
125 43
125 44
125 45
125 46
125 47
125 48
125 49
125 50
125 51
125 52
125 53
125 54
125 55
125 56
125 57
125 58
126 0
126 1
126 2
126 3
126 4
126 5
126 6
126 7
126 8
126 9
126 10
126 11
126 12
126 13
126 14
126 15
126 16
126 17
126 18
126 19
126 20
126 21
126 22
126 23
126 24
126 25
126 26
126 27
126 28
126 29
126 30
126 32
126 33
126 34
126 35
126 36
126 37
126 38
126 39
126 40
126 41
126 42
126 43
126 44
126 45
126 46
126 47
126 48
126 49
126 50
126 51
126 52
126 53
126 54
126 55
126 56
126 57
126 58
127 0
127 1
127 2
127 3
127 4
127 5
127 6
127 7
127 8
127 9
127 10
127 11
127 12
127 13
127 14
127 15
127 16
127 17
127 18
127 19
127 20
127 21
127 22
127 23
127 24
127 25
127 26
127 27
127 28
127 29
127 30
127 32
127 33
127 34
127 35
127 36
127 37
127 38
127 39
127 40
127 41
127 42
127 43
127 44
127 45
127 46
127 47
127 48
127 49
127 50
127 51
127 52
127 53
127 54
127 55
127 56
127 57
127 58
128 0
128 1
128 2
128 3
128 4
128 5
128 6
128 7
128 8
128 9
128 10
128 11
128 12
128 13
128 14
128 15
128 16
128 17
128 18
128 19
128 20
128 21
128 22
128 23
128 24
128 25
128 26
128 27
128 28
128 29
128 30
128 32
128 33
128 34
128 35
128 36
128 37
128 38
128 39
128 40
128 41
128 42
128 43
128 44
128 45
128 46
128 47
128 48
128 49
128 50
128 51
128 52
128 53
128 54
128 55
128 56
128 57
128 58
129 0
129 1
129 2
129 3
129 4
129 5
129 6
129 7
129 8
129 9
129 10
129 11
129 12
129 13
129 14
129 15
129 16
129 17
129 18
129 19
129 20
129 21
129 22
129 23
129 24
129 25
129 26
129 27
129 28
129 29
129 30
129 32
129 33
129 34
129 35
129 36
129 37
129 38
129 39
129 40
129 41
129 42
129 43
129 44
129 45
129 46
129 47
129 48
129 49
129 50
129 51
129 52
129 53
129 54
129 55
129 56
129 57
129 58
130 0
130 1
130 2
130 3
130 4
130 5
130 6
130 7
130 8
130 9
130 10
130 11
130 12
130 13
130 14
130 15
130 16
130 17
130 18
130 19
130 20
130 21
130 22
130 23
130 24
130 25
130 26
130 27
130 28
130 29
130 30
130 31
130 32
130 33
130 34
130 35
130 37
130 38
130 39
130 40
130 41
130 42
130 43
130 44
130 45
130 46
130 47
130 48
130 49
130 50
130 51
130 52
130 53
130 54
130 55
130 56
130 57
130 58
131 0
131 1
131 2
131 4
131 5
131 6
131 7
131 8
131 9
131 10
131 11
131 12
131 13
131 14
131 15
131 16
131 17
131 18
131 19
131 20
131 21
131 22
131 23
131 24
131 25
131 26
131 27
131 28
131 29
131 30
131 31
131 32
131 33
131 34
131 35
131 36
131 37
131 39
131 40
131 41
131 42
131 43
131 44
131 45
131 46
131 47
131 48
131 49
131 50
131 51
131 52
131 53
131 54
131 55
131 56
131 57
131 58
132 0
132 1
132 2
132 4
132 5
132 6
132 7
132 8
132 9
132 10
132 11
132 12
132 13
132 14
132 15
132 16
132 17
132 18
132 19
132 20
132 21
132 22
132 23
132 24
132 25
132 26
132 27
132 28
132 29
132 30
132 31
132 32
132 33
132 34
132 35
132 36
132 37
132 38
132 39
132 40
132 41
132 42
132 43
132 44
132 45
132 46
132 47
132 48
132 49
132 50
132 51
132 52
132 53
132 54
132 55
132 56
132 57
132 58
133 0
133 1
133 2
133 4
133 5
133 6
133 7
133 8
133 9
133 10
133 11
133 12
133 13
133 14
133 15
133 16
133 17
133 18
133 19
133 20
133 21
133 22
133 23
133 24
133 25
133 26
133 27
133 28
133 29
133 30
133 31
133 32
133 33
133 34
133 35
133 36
133 37
133 38
133 39
133 40
133 41
133 42
133 43
133 44
133 45
133 46
133 47
133 48
133 49
133 50
133 51
133 52
133 53
133 54
133 55
133 56
133 57
133 58
134 0
134 1
134 2
134 4
134 5
134 6
134 7
134 8
134 9
134 10
134 11
134 12
134 13
134 14
134 15
134 16
134 17
134 18
134 19
134 20
134 21
134 22
134 23
134 24
134 25
134 26
134 27
134 28
134 29
134 30
134 31
134 32
134 33
134 34
134 35
134 36
134 37
134 38
134 39
134 40
134 41
134 42
134 43
134 44
134 45
134 46
134 47
134 48
134 49
134 50
134 51
134 52
134 53
134 54
134 55
134 56
134 57
134 58
135 0
135 1
135 2
135 4
135 5
135 6
135 7
135 8
135 9
135 10
135 11
135 12
135 13
135 14
135 15
135 16
135 17
135 18
135 19
135 20
135 21
135 22
135 23
135 24
135 25
135 26
135 27
135 28
135 29
135 30
135 31
135 32
135 33
135 34
135 35
135 36
135 37
135 38
135 39
135 40
135 41
135 42
135 43
135 44
135 45
135 46
135 47
135 48
135 49
135 50
135 51
135 52
135 53
135 54
135 55
135 56
135 57
135 58
136 0
136 1
136 2
136 4
136 5
136 6
136 7
136 8
136 9
136 10
136 11
136 12
136 13
136 14
136 15
136 16
136 17
136 18
136 19
136 20
136 21
136 22
136 23
136 24
136 25
136 26
136 27
136 28
136 29
136 30
136 31
136 32
136 33
136 34
136 35
136 36
136 37
136 38
136 39
136 40
136 41
136 42
136 43
136 44
136 45
136 46
136 47
136 48
136 49
136 50
136 51
136 52
136 53
136 54
136 55
136 56
136 57
136 58
137 0
137 1
137 2
137 3
137 4
137 5
137 6
137 7
137 8
137 9
137 10
137 11
137 12
137 13
137 14
137 15
137 16
137 17
137 18
137 19
137 20
137 21
137 22
137 23
137 24
137 25
137 26
137 27
137 28
137 29
137 30
137 31
137 32
137 33
137 34
137 35
137 36
137 38
137 39
137 40
137 41
137 42
137 43
137 44
137 45
137 46
137 47
137 48
137 49
137 50
137 51
137 52
137 53
137 54
137 55
137 56
137 57
137 58
138 0
138 1
138 2
138 3
138 4
138 5
138 6
138 7
138 8
138 9
138 10
138 11
138 12
138 13
138 14
138 15
138 16
138 17
138 18
138 19
138 20
138 21
138 22
138 23
138 24
138 25
138 26
138 27
138 28
138 29
138 30
138 31
138 32
138 33
138 34
138 35
138 36
138 38
138 39
138 40
138 41
138 42
138 43
138 44
138 45
138 46
138 47
138 48
138 49
138 50
138 51
138 52
138 53
138 54
138 55
138 56
138 57
138 58
139 0
139 1
139 2
139 3
139 4
139 5
139 6
139 7
139 8
139 9
139 10
139 11
139 12
139 13
139 14
139 15
139 16
139 17
139 18
139 19
139 20
139 21
139 22
139 23
139 24
139 25
139 26
139 27
139 28
139 29
139 30
139 31
139 32
139 33
139 34
139 35
139 36
139 38
139 39
139 40
139 41
139 42
139 43
139 44
139 45
139 46
139 47
139 48
139 49
139 50
139 51
139 52
139 53
139 54
139 55
139 56
139 57
139 58
140 0
140 1
140 2
140 3
140 4
140 5
140 6
140 7
140 8
140 9
140 10
140 11
140 12
140 13
140 14
140 15
140 16
140 17
140 18
140 19
140 20
140 21
140 22
140 23
140 24
140 25
140 26
140 27
140 28
140 29
140 30
140 31
140 32
140 33
140 34
140 35
140 36
140 37
140 39
140 40
140 41
140 42
140 43
140 44
140 45
140 46
140 47
140 48
140 49
140 50
140 51
140 52
140 53
140 54
140 55
140 56
140 57
140 58
141 0
141 1
141 2
141 3
141 4
141 5
141 6
141 7
141 8
141 9
141 10
141 11
141 12
141 13
141 14
141 15
141 16
141 17
141 18
141 19
141 20
141 21
141 22
141 23
141 24
141 25
141 26
141 27
141 28
141 29
141 30
141 31
141 32
141 33
141 34
141 35
141 36
141 37
141 39
141 40
141 41
141 42
141 43
141 44
141 45
141 46
141 47
141 48
141 49
141 50
141 51
141 52
141 53
141 54
141 55
141 56
141 57
141 58
142 0
142 1
142 2
142 3
142 4
142 5
142 6
142 7
142 8
142 9
142 10
142 11
142 12
142 13
142 14
142 15
142 16
142 17
142 18
142 19
142 20
142 21
142 22
142 23
142 24
142 25
142 26
142 27
142 28
142 29
142 30
142 31
142 32
142 33
142 34
142 35
142 36
142 37
142 39
142 40
142 41
142 42
142 43
142 44
142 45
142 46
142 47
142 48
142 49
142 50
142 51
142 52
142 53
142 54
142 55
142 56
142 57
142 58
143 0
143 1
143 2
143 3
143 4
143 5
143 6
143 7
143 8
143 9
143 10
143 11
143 12
143 13
143 14
143 15
143 16
143 17
143 18
143 19
143 20
143 21
143 22
143 23
143 24
143 25
143 26
143 27
143 28
143 29
143 30
143 31
143 32
143 33
143 34
143 35
143 36
143 37
143 39
143 40
143 41
143 42
143 43
143 44
143 45
143 46
143 47
143 48
143 49
143 50
143 51
143 52
143 53
143 54
143 55
143 56
143 57
143 58
144 0
144 1
144 2
144 3
144 4
144 5
144 6
144 7
144 8
144 9
144 10
144 11
144 12
144 13
144 14
144 15
144 16
144 17
144 18
144 19
144 20
144 21
144 22
144 23
144 24
144 25
144 26
144 27
144 28
144 29
144 30
144 31
144 32
144 33
144 34
144 35
144 36
144 37
144 39
144 40
144 41
144 42
144 43
144 44
144 45
144 46
144 47
144 48
144 49
144 50
144 51
144 52
144 53
144 54
144 55
144 56
144 57
144 58
145 0
145 1
145 2
145 3
145 4
145 5
145 6
145 7
145 8
145 9
145 10
145 11
145 12
145 13
145 14
145 15
145 16
145 17
145 18
145 19
145 20
145 21
145 22
145 23
145 24
145 25
145 26
145 27
145 28
145 29
145 30
145 31
145 32
145 33
145 34
145 35
145 36
145 37
145 39
145 40
145 41
145 42
145 43
145 44
145 45
145 46
145 47
145 48
145 49
145 50
145 51
145 52
145 53
145 54
145 55
145 56
145 57
145 58
146 0
146 1
146 2
146 3
146 4
146 5
146 6
146 7
146 8
146 9
146 10
146 11
146 12
146 13
146 14
146 15
146 16
146 17
146 18
146 19
146 20
146 21
146 22
146 23
146 24
146 25
146 26
146 27
146 28
146 29
146 30
146 31
146 32
146 33
146 34
146 35
146 36
146 37
146 39
146 40
146 41
146 42
146 43
146 44
146 45
146 46
146 47
146 48
146 49
146 50
146 51
146 52
146 53
146 54
146 55
146 56
146 57
146 58
147 0
147 1
147 2
147 3
147 4
147 5
147 6
147 7
147 8
147 9
147 10
147 11
147 12
147 13
147 14
147 15
147 16
147 17
147 18
147 19
147 20
147 21
147 22
147 23
147 24
147 25
147 26
147 27
147 28
147 29
147 30
147 31
147 32
147 33
147 34
147 35
147 36
147 37
147 39
147 40
147 41
147 42
147 43
147 44
147 45
147 46
147 47
147 48
147 49
147 50
147 51
147 52
147 53
147 54
147 55
147 56
147 57
147 58
148 0
148 1
148 2
148 3
148 4
148 5
148 6
148 7
148 8
148 9
148 10
148 11
148 12
148 13
148 14
148 15
148 16
148 17
148 18
148 19
148 20
148 21
148 22
148 23
148 24
148 25
148 26
148 27
148 28
148 29
148 30
148 31
148 32
148 33
148 34
148 35
148 36
148 37
148 39
148 40
148 41
148 42
148 43
148 44
148 45
148 46
148 47
148 48
148 49
148 50
148 51
148 52
148 53
148 54
148 55
148 56
148 57
148 58
149 0
149 1
149 2
149 3
149 4
149 5
149 6
149 7
149 8
149 9
149 10
149 11
149 12
149 13
149 14
149 15
149 16
149 17
149 18
149 19
149 20
149 21
149 22
149 23
149 24
149 25
149 26
149 27
149 28
149 29
149 30
149 31
149 32
149 33
149 34
149 35
149 36
149 37
149 39
149 40
149 41
149 42
149 43
149 44
149 45
149 46
149 47
149 48
149 49
149 50
149 51
149 52
149 53
149 54
149 55
149 56
149 57
149 58
150 0
150 1
150 2
150 3
150 4
150 5
150 6
150 7
150 8
150 9
150 10
150 11
150 12
150 13
150 14
150 15
150 16
150 17
150 18
150 19
150 20
150 21
150 22
150 23
150 24
150 25
150 26
150 27
150 28
150 29
150 30
150 31
150 32
150 33
150 34
150 35
150 36
150 37
150 39
150 40
150 41
150 42
150 43
150 44
150 45
150 46
150 47
150 48
150 49
150 50
150 51
150 52
150 53
150 54
150 55
150 56
150 57
150 58
151 0
151 1
151 2
151 3
151 4
151 5
151 6
151 7
151 8
151 9
151 10
151 11
151 12
151 13
151 14
151 15
151 16
151 17
151 18
151 19
151 20
151 21
151 22
151 23
151 24
151 25
151 26
151 27
151 28
151 29
151 30
151 31
151 32
151 33
151 34
151 35
151 36
151 37
151 39
151 40
151 41
151 42
151 43
151 44
151 45
151 46
151 47
151 48
151 49
151 50
151 51
151 52
151 53
151 54
151 55
151 56
151 57
151 58
152 0
152 1
152 2
152 3
152 4
152 5
152 6
152 7
152 8
152 9
152 10
152 11
152 12
152 13
152 14
152 15
152 16
152 17
152 18
152 19
152 20
152 21
152 22
152 23
152 24
152 25
152 26
152 27
152 28
152 29
152 30
152 31
152 32
152 33
152 34
152 35
152 36
152 37
152 39
152 40
152 41
152 42
152 43
152 44
152 45
152 46
152 47
152 48
152 49
152 50
152 51
152 52
152 53
152 54
152 55
152 56
152 57
152 58
153 0
153 1
153 2
153 3
153 4
153 5
153 6
153 7
153 8
153 9
153 10
153 11
153 12
153 13
153 14
153 15
153 16
153 17
153 18
153 19
153 20
153 21
153 22
153 23
153 24
153 25
153 26
153 27
153 28
153 29
153 30
153 31
153 32
153 33
153 34
153 35
153 36
153 37
153 39
153 40
153 41
153 42
153 43
153 44
153 45
153 46
153 47
153 48
153 49
153 50
153 51
153 52
153 53
153 54
153 55
153 56
153 57
153 58
154 0
154 1
154 2
154 3
154 4
154 5
154 6
154 7
154 8
154 9
154 10
154 11
154 12
154 13
154 14
154 15
154 16
154 17
154 18
154 19
154 20
154 21
154 22
154 23
154 24
154 25
154 26
154 27
154 28
154 29
154 30
154 31
154 32
154 33
154 34
154 35
154 36
154 37
154 39
154 40
154 41
154 42
154 43
154 44
154 45
154 46
154 47
154 48
154 49
154 50
154 51
154 52
154 53
154 54
154 55
154 56
154 57
154 58
155 1
155 2
155 3
155 4
155 5
155 6
155 7
155 8
155 9
155 10
155 11
155 12
155 13
155 14
155 15
155 16
155 17
155 18
155 19
155 20
155 21
155 22
155 23
155 24
155 25
155 26
155 27
155 28
155 29
155 30
155 31
155 32
155 33
155 34
155 35
155 36
155 37
155 38
155 39
155 40
155 41
155 42
155 43
155 44
155 45
155 46
155 47
155 48
155 49
155 50
155 51
155 52
155 53
155 54
155 55
155 56
155 57
155 58
156 1
156 2
156 3
156 4
156 5
156 6
156 7
156 8
156 9
156 10
156 11
156 12
156 13
156 14
156 15
156 16
156 17
156 18
156 19
156 20
156 21
156 22
156 23
156 24
156 25
156 26
156 27
156 28
156 29
156 30
156 31
156 32
156 33
156 34
156 35
156 36
156 37
156 38
156 39
156 40
156 41
156 42
156 43
156 44
156 45
156 46
156 47
156 48
156 49
156 50
156 51
156 52
156 53
156 54
156 55
156 56
156 57
156 58
157 1
157 2
157 3
157 4
157 5
157 6
157 7
157 8
157 9
157 10
157 11
157 12
157 13
157 14
157 15
157 16
157 17
157 18
157 19
157 20
157 21
157 22
157 23
157 24
157 25
157 26
157 27
157 28
157 29
157 30
157 31
157 32
157 33
157 34
157 35
157 36
157 37
157 38
157 39
157 40
157 41
157 42
157 43
157 44
157 45
157 46
157 47
157 48
157 49
157 50
157 51
157 52
157 53
157 54
157 55
157 56
157 57
157 58
158 1
158 2
158 3
158 4
158 5
158 6
158 7
158 8
158 9
158 10
158 11
158 12
158 13
158 14
158 15
158 16
158 17
158 18
158 19
158 20
158 21
158 22
158 23
158 24
158 25
158 26
158 27
158 28
158 29
158 30
158 31
158 32
158 33
158 34
158 35
158 36
158 37
158 38
158 39
158 40
158 41
158 42
158 43
158 44
158 45
158 46
158 47
158 48
158 49
158 50
158 51
158 52
158 53
158 54
158 55
158 56
158 57
158 58
159 1
159 2
159 3
159 4
159 5
159 6
159 7
159 8
159 9
159 10
159 11
159 12
159 13
159 14
159 15
159 16
159 17
159 18
159 19
159 20
159 21
159 22
159 23
159 24
159 25
159 26
159 27
159 28
159 29
159 30
159 31
159 32
159 33
159 34
159 35
159 36
159 37
159 38
159 39
159 40
159 41
159 42
159 43
159 44
159 45
159 46
159 47
159 48
159 49
159 50
159 51
159 52
159 53
159 54
159 55
159 56
159 57
159 58
160 0
160 1
160 2
160 3
160 4
160 5
160 6
160 7
160 8
160 9
160 10
160 11
160 12
160 13
160 14
160 15
160 16
160 17
160 18
160 19
160 20
160 21
160 22
160 23
160 24
160 25
160 26
160 27
160 28
160 29
160 30
160 31
160 32
160 33
160 34
160 35
160 36
160 37
160 38
160 40
160 41
160 42
160 43
160 44
160 45
160 46
160 47
160 48
160 49
160 50
160 51
160 52
160 53
160 54
160 55
160 56
160 57
160 58
161 0
161 1
161 2
161 3
161 4
161 5
161 6
161 7
161 8
161 9
161 10
161 11
161 12
161 13
161 14
161 15
161 16
161 17
161 18
161 19
161 20
161 21
161 22
161 23
161 24
161 25
161 26
161 27
161 28
161 29
161 30
161 31
161 32
161 33
161 34
161 35
161 36
161 37
161 38
161 39
161 41
161 42
161 43
161 44
161 45
161 46
161 47
161 48
161 49
161 50
161 51
161 52
161 53
161 54
161 55
161 56
161 57
161 58
162 0
162 1
162 2
162 3
162 4
162 5
162 6
162 7
162 8
162 9
162 10
162 11
162 12
162 13
162 14
162 15
162 16
162 17
162 18
162 19
162 20
162 21
162 22
162 23
162 25
162 26
162 27
162 28
162 29
162 30
162 31
162 32
162 33
162 34
162 35
162 36
162 37
162 38
162 39
162 40
162 41
162 42
162 43
162 44
162 45
162 46
162 47
162 48
162 49
162 50
162 51
162 52
162 53
162 54
162 55
162 56
162 57
162 58
163 0
163 1
163 2
163 3
163 4
163 5
163 6
163 7
163 8
163 9
163 10
163 11
163 12
163 13
163 14
163 15
163 16
163 17
163 18
163 19
163 20
163 21
163 22
163 23
163 25
163 26
163 27
163 28
163 29
163 30
163 31
163 32
163 33
163 34
163 35
163 36
163 37
163 38
163 39
163 40
163 41
163 42
163 43
163 44
163 45
163 46
163 47
163 48
163 49
163 50
163 51
163 52
163 53
163 54
163 55
163 56
163 57
163 58
164 0
164 1
164 2
164 3
164 4
164 5
164 6
164 7
164 8
164 9
164 10
164 11
164 12
164 13
164 14
164 15
164 16
164 17
164 18
164 19
164 20
164 21
164 22
164 23
164 25
164 26
164 27
164 28
164 29
164 30
164 31
164 32
164 33
164 34
164 35
164 36
164 37
164 38
164 39
164 40
164 41
164 42
164 43
164 44
164 45
164 46
164 47
164 48
164 49
164 50
164 51
164 52
164 53
164 54
164 55
164 56
164 57
164 58
165 0
165 1
165 2
165 3
165 4
165 5
165 6
165 7
165 8
165 9
165 10
165 11
165 12
165 13
165 14
165 15
165 16
165 17
165 18
165 19
165 20
165 21
165 22
165 23
165 24
165 25
165 26
165 27
165 28
165 29
165 30
165 31
165 32
165 33
165 34
165 35
165 36
165 37
165 38
165 39
165 40
165 42
165 43
165 44
165 45
165 46
165 47
165 48
165 49
165 50
165 51
165 52
165 53
165 54
165 55
165 56
165 57
165 58
166 0
166 1
166 2
166 3
166 4
166 5
166 6
166 7
166 8
166 9
166 10
166 11
166 12
166 13
166 14
166 15
166 16
166 17
166 18
166 19
166 20
166 21
166 22
166 23
166 24
166 25
166 26
166 27
166 28
166 29
166 30
166 31
166 32
166 33
166 34
166 35
166 36
166 37
166 38
166 39
166 40
166 42
166 43
166 44
166 45
166 46
166 47
166 48
166 49
166 50
166 51
166 52
166 53
166 54
166 55
166 56
166 57
166 58
167 0
167 1
167 2
167 3
167 4
167 5
167 6
167 7
167 8
167 9
167 10
167 11
167 12
167 13
167 14
167 15
167 16
167 17
167 18
167 19
167 20
167 21
167 22
167 23
167 24
167 25
167 26
167 27
167 28
167 29
167 30
167 31
167 32
167 33
167 34
167 35
167 36
167 37
167 38
167 39
167 40
167 42
167 43
167 44
167 45
167 46
167 47
167 48
167 49
167 50
167 51
167 52
167 53
167 54
167 55
167 56
167 57
167 58
168 0
168 1
168 2
168 3
168 4
168 5
168 6
168 7
168 8
168 9
168 10
168 11
168 12
168 13
168 14
168 15
168 16
168 17
168 18
168 19
168 20
168 21
168 22
168 23
168 24
168 25
168 26
168 27
168 28
168 29
168 30
168 31
168 32
168 33
168 34
168 35
168 36
168 37
168 38
168 39
168 40
168 41
168 43
168 44
168 45
168 46
168 47
168 48
168 49
168 50
168 51
168 52
168 53
168 54
168 55
168 56
168 57
168 58
169 0
169 1
169 2
169 3
169 4
169 5
169 6
169 7
169 8
169 9
169 10
169 11
169 12
169 13
169 14
169 15
169 16
169 17
169 18
169 19
169 20
169 21
169 22
169 23
169 24
169 25
169 26
169 27
169 28
169 29
169 30
169 31
169 32
169 33
169 34
169 35
169 36
169 37
169 38
169 39
169 40
169 41
169 43
169 44
169 45
169 46
169 47
169 48
169 49
169 50
169 51
169 52
169 53
169 54
169 55
169 56
169 57
169 58
170 0
170 1
170 2
170 3
170 4
170 5
170 6
170 7
170 8
170 9
170 10
170 11
170 12
170 13
170 14
170 15
170 16
170 17
170 18
170 19
170 20
170 21
170 22
170 23
170 24
170 25
170 26
170 27
170 28
170 29
170 30
170 31
170 32
170 33
170 34
170 35
170 36
170 37
170 38
170 39
170 40
170 41
170 42
170 43
170 45
170 46
170 47
170 48
170 49
170 50
170 51
170 52
170 53
170 54
170 55
170 56
170 57
170 58
171 0
171 1
171 2
171 3
171 4
171 5
171 6
171 7
171 8
171 9
171 10
171 11
171 12
171 13
171 14
171 15
171 16
171 17
171 18
171 19
171 20
171 21
171 22
171 23
171 24
171 25
171 26
171 27
171 28
171 29
171 30
171 32
171 33
171 34
171 35
171 36
171 37
171 38
171 39
171 40
171 41
171 42
171 43
171 44
171 45
171 46
171 47
171 48
171 49
171 50
171 51
171 52
171 53
171 54
171 55
171 56
171 57
171 58
172 0
172 1
172 2
172 3
172 4
172 5
172 6
172 7
172 8
172 9
172 10
172 11
172 12
172 13
172 14
172 15
172 16
172 17
172 18
172 19
172 20
172 21
172 22
172 23
172 24
172 25
172 26
172 27
172 28
172 29
172 30
172 32
172 33
172 34
172 35
172 36
172 37
172 38
172 39
172 40
172 41
172 42
172 43
172 44
172 45
172 46
172 47
172 48
172 49
172 50
172 51
172 52
172 53
172 54
172 55
172 56
172 57
172 58
173 0
173 1
173 2
173 3
173 4
173 5
173 6
173 7
173 8
173 9
173 10
173 11
173 12
173 13
173 14
173 15
173 16
173 17
173 18
173 19
173 20
173 21
173 22
173 23
173 24
173 25
173 26
173 27
173 28
173 29
173 30
173 32
173 33
173 34
173 35
173 36
173 37
173 38
173 39
173 40
173 41
173 42
173 43
173 44
173 45
173 46
173 47
173 48
173 49
173 50
173 51
173 52
173 53
173 54
173 55
173 56
173 57
173 58
174 0
174 1
174 2
174 3
174 4
174 5
174 6
174 7
174 8
174 9
174 10
174 11
174 12
174 13
174 14
174 15
174 16
174 17
174 18
174 19
174 20
174 21
174 22
174 23
174 24
174 25
174 26
174 27
174 28
174 29
174 30
174 32
174 33
174 34
174 35
174 36
174 37
174 38
174 39
174 40
174 41
174 42
174 43
174 44
174 45
174 46
174 47
174 48
174 49
174 50
174 51
174 52
174 53
174 54
174 55
174 56
174 57
174 58
175 0
175 1
175 2
175 3
175 4
175 5
175 6
175 7
175 8
175 9
175 10
175 11
175 12
175 13
175 14
175 15
175 16
175 17
175 18
175 19
175 20
175 21
175 22
175 23
175 24
175 25
175 26
175 27
175 28
175 29
175 30
175 31
175 32
175 33
175 34
175 35
175 36
175 37
175 38
175 39
175 40
175 42
175 43
175 44
175 45
175 46
175 47
175 48
175 49
175 50
175 51
175 52
175 53
175 54
175 55
175 56
175 57
175 58
176 0
176 1
176 2
176 3
176 4
176 5
176 6
176 7
176 8
176 9
176 10
176 11
176 12
176 13
176 14
176 15
176 16
176 17
176 18
176 19
176 20
176 21
176 22
176 23
176 24
176 25
176 26
176 27
176 28
176 29
176 30
176 31
176 32
176 33
176 34
176 35
176 36
176 37
176 38
176 39
176 40
176 41
176 42
176 43
176 44
176 46
176 47
176 48
176 49
176 50
176 51
176 52
176 53
176 54
176 55
176 56
176 57
176 58
177 0
177 1
177 2
177 3
177 4
177 5
177 6
177 7
177 8
177 9
177 10
177 11
177 12
177 13
177 14
177 15
177 16
177 17
177 18
177 19
177 20
177 21
177 22
177 23
177 24
177 25
177 26
177 27
177 28
177 29
177 30
177 31
177 32
177 33
177 34
177 35
177 36
177 37
177 38
177 39
177 40
177 41
177 42
177 43
177 44
177 45
177 47
177 48
177 49
177 50
177 51
177 52
177 53
177 54
177 55
177 56
177 57
177 58
178 0
178 1
178 2
178 3
178 4
178 5
178 6
178 7
178 8
178 9
178 10
178 11
178 12
178 13
178 14
178 15
178 16
178 17
178 18
178 19
178 20
178 21
178 22
178 23
178 24
178 25
178 26
178 27
178 28
178 29
178 30
178 31
178 32
178 33
178 34
178 35
178 36
178 37
178 38
178 39
178 40
178 41
178 42
178 43
178 44
178 45
178 47
178 48
178 49
178 50
178 51
178 52
178 53
178 54
178 55
178 56
178 57
178 58
179 0
179 1
179 2
179 3
179 4
179 5
179 6
179 7
179 8
179 9
179 10
179 11
179 12
179 13
179 14
179 15
179 16
179 17
179 18
179 19
179 20
179 21
179 22
179 23
179 24
179 25
179 26
179 27
179 28
179 29
179 30
179 31
179 32
179 33
179 34
179 35
179 36
179 37
179 38
179 39
179 40
179 41
179 42
179 43
179 44
179 45
179 47
179 48
179 49
179 50
179 51
179 52
179 53
179 54
179 55
179 56
179 57
179 58
180 1
180 2
180 3
180 4
180 5
180 6
180 7
180 8
180 9
180 10
180 11
180 12
180 13
180 14
180 15
180 16
180 17
180 18
180 19
180 20
180 21
180 22
180 23
180 24
180 25
180 26
180 27
180 28
180 29
180 30
180 31
180 32
180 33
180 34
180 35
180 36
180 37
180 38
180 39
180 40
180 41
180 42
180 43
180 44
180 45
180 46
180 47
180 48
180 49
180 50
180 51
180 52
180 53
180 54
180 55
180 56
180 57
180 58
181 0
181 1
181 2
181 3
181 4
181 5
181 6
181 7
181 8
181 9
181 10
181 11
181 12
181 13
181 14
181 15
181 16
181 17
181 18
181 19
181 20
181 21
181 22
181 23
181 24
181 25
181 26
181 27
181 28
181 29
181 30
181 31
181 32
181 33
181 34
181 35
181 36
181 37
181 38
181 39
181 40
181 41
181 42
181 43
181 44
181 45
181 46
181 48
181 49
181 50
181 51
181 52
181 53
181 54
181 55
181 56
181 57
181 58
182 0
182 1
182 2
182 3
182 4
182 5
182 6
182 7
182 8
182 9
182 10
182 11
182 12
182 13
182 14
182 15
182 16
182 17
182 18
182 19
182 20
182 21
182 22
182 23
182 24
182 25
182 26
182 27
182 28
182 29
182 30
182 31
182 32
182 33
182 34
182 35
182 36
182 37
182 38
182 39
182 40
182 41
182 42
182 43
182 44
182 45
182 46
182 47
182 49
182 50
182 51
182 52
182 53
182 54
182 55
182 56
182 57
182 58
183 0
183 1
183 2
183 3
183 4
183 5
183 6
183 7
183 8
183 9
183 10
183 11
183 12
183 13
183 14
183 15
183 16
183 17
183 18
183 19
183 20
183 21
183 22
183 23
183 24
183 25
183 26
183 27
183 28
183 29
183 30
183 31
183 32
183 33
183 34
183 35
183 36
183 37
183 38
183 39
183 40
183 41
183 42
183 43
183 44
183 45
183 46
183 47
183 48
183 50
183 51
183 52
183 53
183 54
183 55
183 56
183 57
183 58
184 0
184 1
184 2
184 3
184 4
184 5
184 6
184 7
184 8
184 9
184 10
184 11
184 12
184 13
184 14
184 15
184 16
184 17
184 18
184 19
184 20
184 21
184 22
184 23
184 24
184 25
184 26
184 27
184 28
184 29
184 30
184 31
184 32
184 33
184 34
184 35
184 36
184 37
184 38
184 39
184 40
184 41
184 42
184 43
184 44
184 45
184 46
184 47
184 48
184 50
184 51
184 52
184 53
184 54
184 55
184 56
184 57
184 58
185 0
185 1
185 2
185 3
185 4
185 5
185 6
185 7
185 8
185 9
185 10
185 11
185 12
185 13
185 14
185 15
185 16
185 17
185 18
185 19
185 20
185 21
185 22
185 23
185 24
185 25
185 26
185 27
185 28
185 29
185 30
185 31
185 32
185 33
185 34
185 35
185 36
185 37
185 38
185 39
185 40
185 41
185 42
185 43
185 44
185 45
185 46
185 47
185 48
185 50
185 51
185 52
185 53
185 54
185 55
185 56
185 57
185 58
186 0
186 1
186 2
186 3
186 4
186 5
186 6
186 7
186 8
186 9
186 10
186 11
186 12
186 13
186 14
186 15
186 16
186 17
186 18
186 19
186 20
186 21
186 22
186 23
186 24
186 25
186 26
186 27
186 28
186 29
186 30
186 31
186 32
186 33
186 34
186 35
186 36
186 37
186 38
186 39
186 40
186 41
186 42
186 43
186 44
186 45
186 46
186 47
186 48
186 49
186 50
186 52
186 53
186 54
186 55
186 56
186 57
186 58
187 0
187 1
187 2
187 3
187 4
187 5
187 6
187 7
187 8
187 9
187 10
187 11
187 12
187 13
187 14
187 15
187 16
187 17
187 18
187 19
187 20
187 21
187 22
187 23
187 24
187 25
187 26
187 27
187 28
187 29
187 30
187 31
187 32
187 33
187 34
187 35
187 36
187 37
187 38
187 39
187 40
187 41
187 42
187 43
187 44
187 45
187 46
187 47
187 48
187 49
187 50
187 52
187 53
187 54
187 55
187 56
187 57
187 58
188 0
188 1
188 2
188 3
188 4
188 5
188 6
188 7
188 8
188 9
188 10
188 11
188 12
188 13
188 14
188 15
188 16
188 17
188 18
188 19
188 20
188 21
188 22
188 23
188 24
188 25
188 26
188 27
188 28
188 29
188 30
188 31
188 32
188 33
188 34
188 35
188 36
188 37
188 38
188 39
188 40
188 41
188 42
188 43
188 44
188 45
188 46
188 47
188 48
188 49
188 50
188 52
188 53
188 54
188 55
188 56
188 57
188 58
189 0
189 1
189 2
189 3
189 4
189 5
189 6
189 7
189 8
189 9
189 10
189 11
189 12
189 13
189 14
189 15
189 16
189 17
189 18
189 19
189 20
189 21
189 22
189 23
189 24
189 25
189 26
189 27
189 28
189 29
189 30
189 31
189 32
189 33
189 34
189 35
189 36
189 37
189 38
189 39
189 40
189 41
189 42
189 43
189 44
189 45
189 46
189 47
189 48
189 49
189 50
189 52
189 53
189 54
189 55
189 56
189 57
189 58
190 0
190 1
190 2
190 3
190 4
190 5
190 6
190 7
190 8
190 9
190 10
190 11
190 12
190 13
190 14
190 15
190 16
190 17
190 18
190 19
190 20
190 21
190 22
190 23
190 24
190 25
190 26
190 27
190 28
190 29
190 30
190 31
190 32
190 33
190 34
190 35
190 36
190 37
190 38
190 39
190 40
190 41
190 42
190 43
190 44
190 45
190 46
190 47
190 48
190 49
190 50
190 52
190 53
190 54
190 55
190 56
190 57
190 58
191 0
191 1
191 2
191 3
191 4
191 5
191 6
191 7
191 8
191 9
191 10
191 11
191 12
191 13
191 14
191 15
191 16
191 17
191 18
191 19
191 20
191 21
191 22
191 23
191 24
191 25
191 26
191 27
191 28
191 29
191 30
191 31
191 32
191 33
191 34
191 35
191 36
191 37
191 38
191 39
191 40
191 41
191 42
191 43
191 44
191 45
191 46
191 47
191 48
191 49
191 50
191 52
191 53
191 54
191 55
191 56
191 57
191 58
192 0
192 1
192 2
192 3
192 4
192 5
192 6
192 7
192 8
192 9
192 10
192 11
192 12
192 13
192 14
192 15
192 16
192 17
192 18
192 19
192 20
192 21
192 22
192 23
192 24
192 25
192 26
192 27
192 28
192 29
192 30
192 31
192 32
192 33
192 34
192 35
192 36
192 37
192 38
192 39
192 40
192 41
192 42
192 43
192 44
192 45
192 46
192 47
192 48
192 49
192 50
192 52
192 53
192 54
192 55
192 56
192 57
192 58
193 0
193 1
193 2
193 3
193 4
193 5
193 6
193 7
193 8
193 9
193 10
193 11
193 12
193 13
193 14
193 15
193 16
193 17
193 18
193 19
193 20
193 21
193 22
193 23
193 24
193 25
193 26
193 27
193 28
193 29
193 30
193 32
193 33
193 34
193 35
193 36
193 37
193 38
193 39
193 40
193 41
193 42
193 43
193 44
193 45
193 46
193 47
193 48
193 49
193 50
193 51
193 52
193 53
193 54
193 55
193 56
193 57
193 58
194 0
194 1
194 2
194 3
194 4
194 5
194 6
194 7
194 8
194 9
194 10
194 11
194 12
194 13
194 14
194 15
194 16
194 17
194 18
194 19
194 20
194 21
194 22
194 23
194 24
194 25
194 26
194 27
194 28
194 29
194 30
194 31
194 32
194 33
194 34
194 35
194 36
194 37
194 38
194 39
194 40
194 41
194 42
194 43
194 44
194 45
194 46
194 47
194 48
194 49
194 50
194 51
194 54
194 55
194 56
194 57
194 58
195 0
195 1
195 2
195 3
195 4
195 5
195 6
195 7
195 8
195 9
195 10
195 11
195 12
195 13
195 14
195 15
195 16
195 17
195 18
195 19
195 20
195 21
195 22
195 23
195 24
195 25
195 26
195 27
195 28
195 29
195 30
195 31
195 32
195 33
195 34
195 35
195 36
195 37
195 38
195 39
195 40
195 41
195 42
195 43
195 44
195 45
195 46
195 47
195 48
195 49
195 50
195 51
195 54
195 55
195 56
195 57
195 58
196 0
196 1
196 2
196 3
196 4
196 5
196 6
196 7
196 8
196 9
196 10
196 11
196 12
196 13
196 14
196 15
196 16
196 17
196 18
196 19
196 20
196 21
196 22
196 23
196 24
196 25
196 26
196 27
196 28
196 29
196 30
196 31
196 32
196 33
196 34
196 35
196 36
196 37
196 38
196 39
196 40
196 41
196 42
196 43
196 44
196 45
196 46
196 47
196 48
196 49
196 50
196 51
196 54
196 55
196 56
196 57
196 58
197 0
197 1
197 2
197 3
197 4
197 5
197 6
197 7
197 8
197 9
197 10
197 11
197 12
197 13
197 14
197 15
197 16
197 17
197 18
197 19
197 20
197 21
197 22
197 23
197 24
197 25
197 26
197 27
197 28
197 29
197 30
197 31
197 32
197 33
197 34
197 35
197 36
197 37
197 38
197 39
197 40
197 41
197 42
197 43
197 44
197 45
197 46
197 47
197 48
197 49
197 50
197 51
197 54
197 55
197 56
197 57
197 58
198 0
198 1
198 2
198 3
198 4
198 5
198 6
198 7
198 8
198 9
198 10
198 11
198 12
198 13
198 14
198 15
198 17
198 18
198 19
198 20
198 21
198 22
198 23
198 24
198 25
198 26
198 27
198 28
198 29
198 30
198 31
198 32
198 33
198 34
198 35
198 36
198 37
198 38
198 39
198 40
198 41
198 42
198 43
198 44
198 45
198 46
198 47
198 48
198 49
198 50
198 51
198 52
198 53
198 54
198 55
198 56
198 57
198 58
199 0
199 1
199 2
199 3
199 4
199 5
199 6
199 7
199 8
199 9
199 10
199 11
199 12
199 13
199 14
199 15
199 17
199 18
199 19
199 20
199 21
199 22
199 23
199 24
199 25
199 26
199 27
199 28
199 29
199 30
199 31
199 32
199 33
199 34
199 35
199 36
199 37
199 38
199 39
199 40
199 41
199 42
199 43
199 44
199 45
199 46
199 47
199 48
199 49
199 50
199 51
199 52
199 53
199 54
199 55
199 56
199 57
199 58
200 0
200 1
200 2
200 3
200 4
200 5
200 6
200 7
200 8
200 9
200 10
200 11
200 12
200 13
200 14
200 15
200 16
200 17
200 18
200 19
200 20
200 21
200 22
200 23
200 24
200 25
200 26
200 27
200 28
200 29
200 30
200 31
200 32
200 33
200 34
200 35
200 36
200 37
200 38
200 39
200 40
200 41
200 42
200 43
200 44
200 45
200 46
200 47
200 48
200 49
200 50
200 51
200 52
200 53
200 55
200 56
200 57
200 58
201 0
201 1
201 2
201 3
201 4
201 5
201 6
201 7
201 8
201 9
201 10
201 11
201 12
201 13
201 14
201 15
201 16
201 17
201 18
201 19
201 20
201 21
201 22
201 23
201 24
201 25
201 26
201 27
201 28
201 29
201 30
201 31
201 32
201 33
201 34
201 35
201 36
201 37
201 38
201 39
201 40
201 41
201 42
201 43
201 44
201 45
201 46
201 47
201 48
201 49
201 50
201 51
201 52
201 53
201 55
201 56
201 57
201 58
202 0
202 1
202 2
202 3
202 4
202 5
202 6
202 7
202 8
202 9
202 10
202 11
202 12
202 13
202 14
202 15
202 16
202 17
202 18
202 19
202 20
202 21
202 22
202 23
202 24
202 25
202 26
202 27
202 28
202 29
202 30
202 31
202 32
202 33
202 34
202 35
202 36
202 37
202 38
202 39
202 40
202 41
202 42
202 43
202 44
202 45
202 46
202 47
202 48
202 49
202 50
202 51
202 52
202 53
202 55
202 56
202 57
202 58
203 0
203 1
203 2
203 3
203 4
203 5
203 6
203 7
203 8
203 9
203 10
203 11
203 12
203 13
203 14
203 15
203 16
203 17
203 18
203 19
203 20
203 21
203 22
203 23
203 24
203 25
203 26
203 27
203 28
203 29
203 30
203 31
203 32
203 33
203 34
203 35
203 36
203 37
203 38
203 39
203 40
203 41
203 42
203 43
203 44
203 45
203 46
203 47
203 48
203 49
203 50
203 51
203 52
203 53
203 55
203 56
203 57
203 58
204 0
204 1
204 2
204 3
204 4
204 5
204 6
204 7
204 8
204 9
204 10
204 11
204 12
204 13
204 14
204 15
204 16
204 17
204 18
204 19
204 20
204 21
204 22
204 23
204 24
204 25
204 26
204 27
204 28
204 29
204 30
204 31
204 32
204 33
204 34
204 35
204 36
204 37
204 38
204 39
204 40
204 41
204 42
204 43
204 44
204 45
204 46
204 47
204 48
204 49
204 50
204 51
204 52
204 53
204 55
204 56
204 57
204 58
205 0
205 1
205 2
205 3
205 4
205 5
205 6
205 7
205 8
205 9
205 10
205 11
205 12
205 13
205 14
205 15
205 16
205 17
205 18
205 19
205 20
205 21
205 22
205 23
205 24
205 25
205 26
205 27
205 28
205 29
205 30
205 31
205 32
205 33
205 34
205 35
205 36
205 37
205 38
205 39
205 40
205 41
205 42
205 43
205 44
205 45
205 46
205 47
205 48
205 49
205 50
205 51
205 52
205 53
205 55
205 56
205 57
205 58
206 0
206 1
206 2
206 3
206 4
206 5
206 6
206 7
206 8
206 9
206 10
206 11
206 12
206 13
206 14
206 15
206 16
206 17
206 18
206 19
206 20
206 21
206 22
206 23
206 24
206 25
206 26
206 27
206 28
206 29
206 30
206 31
206 32
206 33
206 34
206 35
206 36
206 37
206 38
206 39
206 40
206 41
206 42
206 43
206 44
206 45
206 46
206 47
206 48
206 49
206 50
206 51
206 52
206 53
206 54
206 56
206 57
206 58
207 0
207 1
207 2
207 3
207 4
207 5
207 6
207 7
207 8
207 9
207 10
207 11
207 12
207 13
207 14
207 15
207 16
207 17
207 18
207 19
207 20
207 21
207 22
207 23
207 24
207 25
207 26
207 27
207 28
207 29
207 30
207 31
207 32
207 33
207 34
207 35
207 36
207 37
207 38
207 39
207 40
207 41
207 42
207 43
207 44
207 45
207 46
207 47
207 48
207 49
207 50
207 51
207 52
207 53
207 54
207 56
207 57
207 58
208 0
208 1
208 2
208 3
208 4
208 5
208 6
208 7
208 8
208 9
208 10
208 11
208 12
208 13
208 15
208 16
208 17
208 18
208 19
208 20
208 21
208 22
208 23
208 24
208 25
208 26
208 27
208 28
208 29
208 30
208 31
208 32
208 33
208 34
208 35
208 36
208 37
208 38
208 39
208 40
208 41
208 42
208 43
208 44
208 45
208 46
208 47
208 48
208 49
208 50
208 51
208 52
208 53
208 54
208 55
208 56
208 57
208 58
209 0
209 1
209 2
209 3
209 4
209 5
209 6
209 7
209 8
209 9
209 10
209 11
209 12
209 13
209 14
209 15
209 16
209 17
209 18
209 19
209 20
209 21
209 22
209 23
209 24
209 25
209 26
209 27
209 28
209 29
209 30
209 31
209 32
209 33
209 34
209 35
209 36
209 37
209 38
209 39
209 40
209 41
209 42
209 43
209 44
209 45
209 46
209 48
209 49
209 50
209 51
209 52
209 53
209 54
209 55
209 56
209 57
209 58
210 1
210 2
210 3
210 4
210 5
210 6
210 7
210 8
210 9
210 10
210 11
210 12
210 13
210 14
210 15
210 16
210 17
210 18
210 19
210 20
210 21
210 22
210 23
210 24
210 25
210 26
210 27
210 28
210 29
210 30
210 31
210 32
210 33
210 34
210 35
210 36
210 37
210 38
210 39
210 40
210 41
210 42
210 43
210 44
210 45
210 46
210 47
210 48
210 49
210 50
210 51
210 52
210 53
210 54
210 55
210 56
210 57
210 58
211 0
211 1
211 2
211 3
211 5
211 6
211 7
211 8
211 9
211 10
211 11
211 12
211 13
211 14
211 15
211 16
211 17
211 18
211 19
211 20
211 21
211 22
211 23
211 24
211 25
211 26
211 27
211 28
211 29
211 30
211 31
211 32
211 33
211 34
211 35
211 36
211 37
211 38
211 39
211 40
211 41
211 42
211 43
211 44
211 45
211 46
211 47
211 48
211 49
211 50
211 51
211 52
211 53
211 54
211 55
211 56
211 57
211 58
212 0
212 1
212 2
212 3
212 4
212 5
212 6
212 7
212 8
212 9
212 10
212 11
212 12
212 13
212 14
212 15
212 16
212 17
212 18
212 19
212 20
212 21
212 22
212 23
212 24
212 25
212 26
212 27
212 28
212 29
212 30
212 31
212 32
212 33
212 34
212 35
212 36
212 37
212 38
212 39
212 40
212 41
212 42
212 43
212 44
212 45
212 46
212 47
212 48
212 49
212 50
212 51
212 52
212 53
212 54
212 55
212 57
212 58
213 0
213 1
213 2
213 3
213 4
213 5
213 6
213 7
213 8
213 9
213 10
213 11
213 12
213 13
213 14
213 15
213 16
213 17
213 18
213 19
213 20
213 21
213 22
213 23
213 24
213 25
213 26
213 27
213 28
213 29
213 30
213 31
213 32
213 33
213 34
213 35
213 36
213 37
213 38
213 39
213 40
213 41
213 42
213 43
213 44
213 45
213 46
213 47
213 48
213 49
213 50
213 51
213 52
213 53
213 54
213 55
213 57
213 58
214 0
214 1
214 2
214 3
214 4
214 5
214 6
214 7
214 8
214 9
214 10
214 11
214 12
214 13
214 14
214 15
214 16
214 17
214 18
214 19
214 20
214 21
214 22
214 23
214 24
214 25
214 26
214 27
214 28
214 29
214 30
214 31
214 32
214 33
214 34
214 35
214 36
214 37
214 38
214 39
214 40
214 41
214 42
214 43
214 44
214 45
214 46
214 47
214 48
214 49
214 50
214 51
214 52
214 53
214 54
214 55
214 57
214 58
215 0
215 1
215 2
215 3
215 4
215 5
215 6
215 7
215 8
215 9
215 10
215 11
215 12
215 13
215 14
215 15
215 16
215 17
215 18
215 19
215 20
215 21
215 22
215 23
215 24
215 25
215 26
215 27
215 28
215 29
215 30
215 31
215 32
215 33
215 34
215 35
215 36
215 37
215 38
215 39
215 40
215 41
215 42
215 43
215 44
215 45
215 46
215 47
215 48
215 49
215 50
215 51
215 52
215 53
215 54
215 55
215 57
215 58
216 0
216 1
216 2
216 3
216 4
216 5
216 6
216 7
216 8
216 9
216 10
216 11
216 12
216 13
216 14
216 15
216 16
216 17
216 18
216 19
216 20
216 21
216 22
216 23
216 24
216 25
216 26
216 27
216 28
216 29
216 30
216 31
216 32
216 33
216 34
216 35
216 36
216 37
216 38
216 39
216 40
216 41
216 42
216 43
216 44
216 45
216 46
216 47
216 48
216 49
216 50
216 51
216 52
216 53
216 54
216 55
216 57
216 58
217 0
217 1
217 2
217 3
217 4
217 5
217 6
217 7
217 8
217 9
217 10
217 11
217 12
217 13
217 14
217 15
217 16
217 17
217 18
217 19
217 20
217 21
217 22
217 23
217 24
217 25
217 26
217 27
217 28
217 29
217 30
217 31
217 32
217 33
217 34
217 35
217 36
217 37
217 38
217 39
217 40
217 41
217 42
217 43
217 44
217 45
217 46
217 47
217 48
217 49
217 50
217 51
217 52
217 53
217 54
217 55
217 57
217 58
218 0
218 1
218 2
218 3
218 4
218 5
218 6
218 7
218 8
218 9
218 10
218 11
218 12
218 13
218 14
218 15
218 16
218 17
218 18
218 19
218 20
218 21
218 22
218 23
218 24
218 25
218 26
218 27
218 28
218 29
218 30
218 31
218 32
218 33
218 34
218 35
218 36
218 37
218 38
218 39
218 40
218 41
218 42
218 43
218 44
218 45
218 46
218 47
218 48
218 49
218 50
218 51
218 52
218 53
218 54
218 55
218 57
218 58
219 0
219 1
219 2
219 3
219 4
219 5
219 6
219 7
219 8
219 9
219 10
219 11
219 12
219 13
219 14
219 15
219 16
219 17
219 18
219 19
219 20
219 21
219 22
219 23
219 24
219 25
219 26
219 27
219 28
219 29
219 30
219 31
219 32
219 33
219 34
219 35
219 36
219 37
219 38
219 39
219 40
219 41
219 42
219 43
219 44
219 45
219 46
219 47
219 48
219 49
219 50
219 51
219 52
219 53
219 54
219 55
219 57
219 58
220 1
220 2
220 3
220 4
220 5
220 6
220 7
220 8
220 9
220 10
220 11
220 12
220 13
220 14
220 15
220 16
220 17
220 18
220 19
220 20
220 21
220 22
220 23
220 24
220 25
220 26
220 27
220 28
220 29
220 30
220 31
220 32
220 33
220 34
220 35
220 36
220 37
220 38
220 39
220 40
220 41
220 42
220 43
220 44
220 45
220 46
220 47
220 48
220 49
220 50
220 51
220 52
220 53
220 54
220 55
220 56
220 57
220 58
221 1
221 2
221 3
221 4
221 5
221 6
221 7
221 8
221 9
221 10
221 11
221 12
221 13
221 14
221 15
221 16
221 17
221 18
221 19
221 20
221 21
221 22
221 23
221 24
221 25
221 26
221 27
221 28
221 29
221 30
221 31
221 32
221 33
221 34
221 35
221 36
221 37
221 38
221 39
221 40
221 41
221 42
221 43
221 44
221 45
221 46
221 47
221 48
221 49
221 50
221 51
221 52
221 53
221 54
221 55
221 56
221 57
221 58
222 1
222 2
222 3
222 4
222 5
222 6
222 7
222 8
222 9
222 10
222 11
222 12
222 13
222 14
222 15
222 16
222 17
222 18
222 19
222 20
222 21
222 22
222 23
222 24
222 25
222 26
222 27
222 28
222 29
222 30
222 31
222 32
222 33
222 34
222 35
222 36
222 37
222 38
222 39
222 40
222 41
222 42
222 43
222 44
222 45
222 46
222 47
222 48
222 49
222 50
222 51
222 52
222 53
222 54
222 55
222 56
222 57
222 58
223 0
223 1
223 2
223 3
223 4
223 5
223 6
223 7
223 8
223 9
223 10
223 11
223 12
223 13
223 14
223 15
223 16
223 17
223 18
223 19
223 20
223 21
223 22
223 23
223 24
223 25
223 26
223 27
223 28
223 29
223 30
223 31
223 32
223 33
223 34
223 35
223 36
223 37
223 38
223 39
223 40
223 41
223 42
223 43
223 44
223 45
223 46
223 48
223 49
223 50
223 51
223 52
223 53
223 54
223 55
223 56
223 57
223 58
224 0
224 1
224 2
224 3
224 4
224 5
224 6
224 7
224 8
224 9
224 10
224 11
224 12
224 13
224 14
224 15
224 16
224 17
224 18
224 19
224 20
224 21
224 22
224 23
224 24
224 25
224 26
224 27
224 28
224 29
224 30
224 31
224 32
224 33
224 34
224 35
224 36
224 37
224 38
224 39
224 40
224 41
224 42
224 43
224 44
224 45
224 46
224 47
224 48
224 49
224 50
224 51
224 52
224 53
224 54
224 55
224 56
224 58
225 0
225 1
225 2
225 3
225 4
225 5
225 6
225 7
225 8
225 9
225 10
225 11
225 12
225 13
225 14
225 15
225 16
225 17
225 18
225 19
225 20
225 21
225 22
225 23
225 24
225 25
225 26
225 27
225 28
225 29
225 30
225 31
225 32
225 33
225 34
225 35
225 36
225 37
225 38
225 39
225 40
225 41
225 42
225 43
225 44
225 45
225 46
225 47
225 48
225 49
225 50
225 51
225 52
225 53
225 54
225 55
225 56
225 57
226 0
226 1
226 2
226 3
226 4
226 5
226 6
226 7
226 8
226 9
226 10
226 11
226 12
226 13
226 14
226 15
226 16
226 17
226 18
226 19
226 20
226 21
226 22
226 23
226 24
226 25
226 26
226 27
226 28
226 29
226 30
226 31
226 32
226 33
226 34
226 35
226 36
226 37
226 38
226 39
226 40
226 41
226 42
226 43
226 44
226 45
226 46
226 47
226 48
226 49
226 50
226 51
226 52
226 53
226 54
226 55
226 56
226 57
227 0
227 1
227 2
227 3
227 4
227 5
227 6
227 7
227 8
227 9
227 10
227 11
227 12
227 13
227 14
227 15
227 16
227 17
227 18
227 19
227 20
227 21
227 22
227 23
227 24
227 25
227 26
227 27
227 28
227 29
227 30
227 31
227 32
227 33
227 34
227 35
227 36
227 37
227 38
227 39
227 40
227 41
227 42
227 43
227 44
227 45
227 46
227 47
227 48
227 49
227 50
227 51
227 52
227 53
227 54
227 55
227 56
227 57
228 0
228 1
228 2
228 3
228 4
228 5
228 6
228 7
228 8
228 9
228 10
228 11
228 12
228 13
228 14
228 15
228 16
228 17
228 18
228 19
228 20
228 21
228 22
228 23
228 24
228 25
228 26
228 27
228 28
228 29
228 30
228 31
228 32
228 33
228 34
228 35
228 36
228 37
228 38
228 39
228 40
228 41
228 42
228 43
228 44
228 45
228 46
228 47
228 48
228 49
228 50
228 51
228 52
228 53
228 54
228 55
228 56
228 57
229 0
229 1
229 2
229 3
229 4
229 5
229 6
229 7
229 8
229 9
229 10
229 11
229 12
229 13
229 14
229 15
229 16
229 17
229 18
229 19
229 20
229 21
229 22
229 23
229 24
229 25
229 26
229 27
229 28
229 29
229 30
229 31
229 32
229 33
229 34
229 35
229 36
229 37
229 38
229 39
229 40
229 41
229 42
229 43
229 44
229 45
229 46
229 47
229 48
229 49
229 50
229 51
229 52
229 53
229 54
229 55
229 56
229 57
230 0
230 1
230 2
230 3
230 4
230 5
230 6
230 7
230 8
230 9
230 10
230 11
230 12
230 13
230 14
230 15
230 16
230 17
230 18
230 19
230 20
230 21
230 22
230 23
230 24
230 25
230 26
230 27
230 28
230 29
230 30
230 31
230 32
230 34
230 35
230 36
230 37
230 38
230 39
230 40
230 41
230 42
230 43
230 44
230 45
230 46
230 47
230 48
230 49
230 50
230 51
230 52
230 53
230 54
230 55
230 56
230 57
230 58
231 0
231 1
231 2
231 3
231 4
231 5
231 6
231 7
231 8
231 9
231 10
231 11
231 12
231 13
231 14
231 15
231 16
231 17
231 18
231 19
231 20
231 21
231 22
231 23
231 24
231 25
231 26
231 27
231 28
231 29
231 30
231 31
231 32
231 34
231 35
231 36
231 37
231 38
231 39
231 40
231 41
231 42
231 43
231 44
231 45
231 46
231 47
231 48
231 49
231 50
231 51
231 52
231 53
231 54
231 55
231 56
231 57
231 58
232 0
232 1
232 2
232 3
232 4
232 5
232 6
232 7
232 8
232 9
232 10
232 11
232 12
232 13
232 14
232 15
232 16
232 17
232 18
232 19
232 20
232 21
232 22
232 23
232 24
232 25
232 26
232 27
232 28
232 29
232 30
232 31
232 32
232 34
232 35
232 36
232 37
232 38
232 39
232 40
232 41
232 42
232 43
232 44
232 45
232 46
232 47
232 48
232 49
232 50
232 51
232 52
232 53
232 54
232 55
232 56
232 57
232 58
233 0
233 1
233 2
233 3
233 4
233 5
233 6
233 7
233 8
233 9
233 10
233 11
233 12
233 13
233 14
233 15
233 16
233 17
233 18
233 19
233 20
233 21
233 22
233 23
233 24
233 25
233 26
233 27
233 28
233 29
233 30
233 31
233 32
233 34
233 35
233 36
233 37
233 38
233 39
233 40
233 41
233 42
233 43
233 44
233 45
233 46
233 47
233 48
233 49
233 50
233 51
233 52
233 53
233 54
233 55
233 56
233 57
233 58
234 0
234 1
234 2
234 3
234 4
234 5
234 6
234 7
234 8
234 9
234 10
234 11
234 12
234 13
234 14
234 15
234 16
234 17
234 18
234 19
234 20
234 21
234 22
234 23
234 24
234 25
234 26
234 27
234 28
234 29
234 30
234 31
234 32
234 34
234 35
234 36
234 37
234 38
234 39
234 40
234 41
234 42
234 43
234 44
234 45
234 46
234 47
234 48
234 49
234 50
234 51
234 52
234 53
234 54
234 55
234 56
234 57
234 58
235 1
235 2
235 3
235 4
235 5
235 6
235 7
235 8
235 9
235 10
235 11
235 12
235 13
235 14
235 15
235 16
235 17
235 18
235 19
235 20
235 21
235 22
235 23
235 24
235 25
235 26
235 27
235 28
235 29
235 30
235 31
235 32
235 33
235 34
235 35
235 36
235 37
235 38
235 39
235 40
235 41
235 42
235 43
235 44
235 45
235 46
235 47
235 48
235 49
235 50
235 51
235 52
235 53
235 54
235 55
235 56
235 57
235 58
236 1
236 2
236 3
236 4
236 5
236 6
236 7
236 8
236 9
236 10
236 11
236 12
236 13
236 14
236 15
236 16
236 17
236 18
236 19
236 20
236 21
236 22
236 23
236 24
236 25
236 26
236 27
236 28
236 29
236 30
236 31
236 32
236 33
236 34
236 35
236 36
236 37
236 38
236 39
236 40
236 41
236 42
236 43
236 44
236 45
236 46
236 47
236 48
236 49
236 50
236 51
236 52
236 53
236 54
236 55
236 56
236 57
236 58
237 1
237 2
237 3
237 4
237 5
237 6
237 7
237 8
237 9
237 10
237 11
237 12
237 13
237 14
237 15
237 16
237 17
237 18
237 19
237 20
237 21
237 22
237 23
237 24
237 25
237 26
237 27
237 28
237 29
237 30
237 31
237 32
237 33
237 34
237 35
237 36
237 37
237 38
237 39
237 40
237 41
237 42
237 43
237 44
237 45
237 46
237 47
237 48
237 49
237 50
237 51
237 52
237 53
237 54
237 55
237 56
237 57
237 58
238 1
238 2
238 3
238 4
238 5
238 6
238 7
238 8
238 9
238 10
238 11
238 12
238 13
238 14
238 15
238 16
238 17
238 18
238 19
238 20
238 21
238 22
238 23
238 24
238 25
238 26
238 27
238 28
238 29
238 30
238 31
238 32
238 33
238 34
238 35
238 36
238 37
238 38
238 39
238 40
238 41
238 42
238 43
238 44
238 45
238 46
238 47
238 48
238 49
238 50
238 51
238 52
238 53
238 54
238 55
238 56
238 57
238 58
239 1
239 2
239 3
239 4
239 5
239 6
239 7
239 8
239 9
239 10
239 11
239 12
239 13
239 14
239 15
239 16
239 17
239 18
239 19
239 20
239 21
239 22
239 23
239 24
239 25
239 26
239 27
239 28
239 29
239 30
239 31
239 32
239 33
239 34
239 35
239 36
239 37
239 38
239 39
239 40
239 41
239 42
239 43
239 44
239 45
239 46
239 47
239 48
239 49
239 50
239 51
239 52
239 53
239 54
239 55
239 56
239 57
239 58
240 1
240 2
240 3
240 4
240 5
240 6
240 7
240 8
240 9
240 10
240 11
240 12
240 13
240 14
240 15
240 16
240 17
240 18
240 19
240 20
240 21
240 22
240 23
240 24
240 25
240 26
240 27
240 28
240 29
240 30
240 31
240 32
240 33
240 34
240 35
240 36
240 37
240 38
240 39
240 40
240 41
240 42
240 43
240 44
240 45
240 46
240 47
240 48
240 49
240 50
240 51
240 52
240 53
240 54
240 55
240 56
240 57
240 58
241 1
241 2
241 3
241 4
241 5
241 6
241 7
241 8
241 9
241 10
241 11
241 12
241 13
241 14
241 15
241 16
241 17
241 18
241 19
241 20
241 21
241 22
241 23
241 24
241 25
241 26
241 27
241 28
241 29
241 30
241 31
241 32
241 33
241 34
241 35
241 36
241 37
241 38
241 39
241 40
241 41
241 42
241 43
241 44
241 45
241 46
241 47
241 48
241 49
241 50
241 51
241 52
241 53
241 54
241 55
241 56
241 57
241 58
242 1
242 2
242 3
242 4
242 5
242 6
242 7
242 8
242 9
242 10
242 11
242 12
242 13
242 14
242 15
242 16
242 17
242 18
242 19
242 20
242 21
242 22
242 23
242 24
242 25
242 26
242 27
242 28
242 29
242 30
242 31
242 32
242 33
242 34
242 35
242 36
242 37
242 38
242 39
242 40
242 41
242 42
242 43
242 44
242 45
242 46
242 47
242 48
242 49
242 50
242 51
242 52
242 53
242 54
242 55
242 56
242 57
242 58
243 0
243 1
243 2
243 3
243 4
243 5
243 6
243 7
243 8
243 9
243 10
243 11
243 12
243 13
243 14
243 15
243 16
243 17
243 18
243 19
243 20
243 21
243 22
243 23
243 24
243 25
243 26
243 27
243 28
243 29
243 30
243 31
243 32
243 33
243 34
243 35
243 36
243 37
243 38
243 39
243 40
243 41
243 42
243 44
243 45
243 46
243 47
243 48
243 49
243 50
243 51
243 52
243 53
243 54
243 55
243 56
243 57
243 58
244 0
244 1
244 2
244 3
244 4
244 5
244 6
244 7
244 8
244 9
244 10
244 11
244 12
244 13
244 14
244 15
244 16
244 17
244 18
244 19
244 20
244 21
244 22
244 23
244 24
244 25
244 26
244 27
244 28
244 29
244 30
244 31
244 32
244 33
244 34
244 35
244 36
244 37
244 38
244 39
244 40
244 41
244 42
244 44
244 45
244 46
244 47
244 48
244 49
244 50
244 51
244 52
244 53
244 54
244 55
244 56
244 57
244 58
245 0
245 1
245 2
245 3
245 4
245 5
245 6
245 7
245 8
245 9
245 10
245 11
245 12
245 13
245 14
245 15
245 16
245 17
245 18
245 19
245 20
245 21
245 22
245 23
245 24
245 25
245 26
245 27
245 28
245 29
245 30
245 31
245 32
245 33
245 34
245 35
245 36
245 37
245 38
245 39
245 40
245 41
245 42
245 44
245 45
245 46
245 47
245 48
245 49
245 50
245 51
245 52
245 53
245 54
245 55
245 56
245 57
245 58
246 0
246 1
246 2
246 3
246 4
246 5
246 6
246 7
246 8
246 9
246 10
246 11
246 12
246 13
246 14
246 15
246 16
246 17
246 18
246 19
246 20
246 21
246 22
246 23
246 24
246 25
246 26
246 27
246 28
246 29
246 30
246 31
246 32
246 33
246 34
246 35
246 36
246 37
246 38
246 39
246 40
246 41
246 42
246 44
246 45
246 46
246 47
246 48
246 49
246 50
246 51
246 52
246 53
246 54
246 55
246 56
246 57
246 58
247 0
247 1
247 2
247 3
247 4
247 5
247 6
247 7
247 8
247 9
247 10
247 11
247 12
247 13
247 14
247 15
247 16
247 17
247 18
247 19
247 20
247 21
247 22
247 23
247 24
247 25
247 26
247 27
247 28
247 29
247 30
247 31
247 32
247 33
247 34
247 35
247 36
247 37
247 38
247 39
247 40
247 41
247 43
247 44
247 45
247 46
247 47
247 48
247 49
247 50
247 51
247 52
247 53
247 54
247 55
247 56
247 57
247 58
248 0
248 1
248 2
248 3
248 4
248 5
248 6
248 7
248 8
248 9
248 10
248 11
248 12
248 13
248 14
248 15
248 16
248 17
248 18
248 19
248 20
248 21
248 22
248 23
248 24
248 25
248 26
248 27
248 28
248 29
248 30
248 31
248 32
248 33
248 34
248 35
248 36
248 37
248 38
248 39
248 40
248 41
248 43
248 44
248 45
248 46
248 47
248 48
248 49
248 50
248 51
248 52
248 53
248 54
248 55
248 56
248 57
248 58
