0 0
1 1
2 1
3 2
4 3
5 3
6 3
7 3
8 3
9 3
10 3
11 3
12 3
13 3
14 3
15 4
16 4
17 5
18 4
19 6
20 7
21 0
21 55
22 3
23 0
24 4
25 0
26 8
27 9
28 10
29 10
30 10
31 10
32 10
33 11
34 11
35 11
36 4
37 0
38 5
39 12
40 5
41 0
42 13
43 0
43 4
43 5
43 30
44 14
44 46
45 6
46 6
47 6
48 6
49 6
50 6
51 15
52 15
53 15
54 15
55 15
56 15
57 15
58 15
59 15
60 4
61 5
62 6
62 9
62 16
62 50
63 5
64 17
65 3
66 16
67 16
68 16
69 16
70 16
71 16
72 0
72 55
73 0
74 0
75 0
76 0
77 0
78 0
79 0
80 0
81 0
82 4
82 13
82 19
83 0
84 18
85 18
86 18
87 18
88 18
89 18
90 4
91 4
92 5
92 16
93 5
94 0
95 3
95 20
95 21
96 4
97 22
98 23
99 24
99 25
100 26
101 26
102 26
103 26
104 27
104 43
105 28
106 28
107 29
108 31
109 28
110 14
111 25
112 25
113 25
114 25
115 25
116 32
117 33
118 33
119 33
120 33
121 0
122 34
123 34
124 35
125 35
126 31
127 31
128 31
129 31
130 36
131 3
131 38
132 3
133 3
134 3
135 3
136 3
137 37
138 37
139 37
140 38
141 38
142 38
143 38
144 38
145 38
146 38
147 38
148 38
149 38
150 38
151 38
152 38
153 38
154 38
155 0
156 0
157 0
158 0
159 0
160 39
161 40
162 24
163 24
164 24
165 41
166 41
167 41
168 42
169 42
170 44
171 31
172 31
173 31
174 31
175 41
176 45
177 46
178 46
179 46
180 0
181 47
182 48
183 49
184 49
185 49
186 51
187 51
188 51
189 51
190 51
191 51
192 51
193 31
194 52
194 53
195 52
195 53
196 52
196 53
197 52
197 53
198 16
199 16
200 54
201 54
202 54
203 54
204 54
205 54
206 55
207 55
208 14
209 47
210 0
211 4
212 56
213 56
214 56
215 56
216 56
217 56
218 56
219 56
220 0
221 0
222 0
223 47
224 57
225 58
226 58
227 58
228 58
229 58
230 33
231 33
232 33
233 33
234 33
235 0
236 0
237 0
238 0
239 0
240 0
241 0
242 0
243 43
244 43
245 43
246 43
247 42
248 42
